top1,top2,top3
5,2,26
30,31,15
21,19,37
30,39,20
52,49,47
8,4,47
43,24,49
27,53,37
47,53,49
29,37,15
8,4,47
13,2,9
9,19,12
24,15,43
33,19,38
26,12,6
10,6,50
7,22,52
7,3,28
33,38,37
7,28,15
24,43,37
48,51,24
13,44,7
0,6,9
50,52,12
27,38,23
10,6,2
14,46,6
9,2,6
1,6,3
22,23,37
42,38,47
49,44,6
49,43,47
43,53,30
14,46,52
18,22,23
5,17,47
50,21,51
2,3,9
6,17,12
47,15,53
32,37,34
34,30,41
27,44,49
30,37,44
11,10,6
2,3,7
27,31,23
29,12,49
25,44,30
9,0,6
3,6,46
28,44,37
39,42,47
15,19,43
36,42,6
32,37,47
25,18,15
53,43,15
26,12,21
10,6,47
19,44,15
52,30,6
52,46,53
14,52,37
26,17,29
20,23,21
35,38,33
21,15,52
2,3,26
52,15,12
32,34,37
40,36,19
22,19,20
48,6,53
46,21,51
22,34,23
24,38,31
29,26,37
26,44,21
45,51,44
28,38,23
42,39,47
8,52,47
23,27,21
22,23,16
7,15,23
7,1,47
52,17,28
38,27,15
37,20,41
40,44,38
39,43,44
39,31,49
0,9,6
44,23,38
27,23,38
34,16,23
14,52,30
21,37,20
8,14,52
9,53,12
20,31,19
21,52,12
29,26,37
52,49,37
17,52,47
40,45,30
34,23,37
18,23,16
35,27,38
41,34,22
32,37,34
35,31,38
40,45,44
29,23,38
37,21,38
4,8,52
48,44,20
39,36,38
52,24,12
1,7,13
18,23,37
38,42,39
7,28,3
20,19,37
42,23,15
28,44,21
29,21,37
4,8,52
32,47,37
12,32,52
44,48,20
12,49,52
31,37,38
28,21,43
46,19,44
53,37,21
37,19,27
23,37,21
52,13,15
49,21,17
7,6,17
30,44,47
10,6,37
26,17,37
13,46,1
52,15,47
22,23,27
13,7,44
48,24,47
22,23,34
37,17,21
16,23,18
10,6,2
49,43,20
12,53,30
49,23,18
10,6,1
31,27,47
38,37,47
18,23,49
45,44,40
2,1,9
27,49,30
26,44,21
13,44,7
10,6,2
20,22,37
45,40,44
5,12,10
32,34,23
18,22,23
48,15,30
8,9,28
36,31,6
11,10,3
23,27,20
1,9,13
9,0,6
13,26,9
34,47,23
22,42,47
43,23,49
11,3,10
3,6,1
28,15,44
41,29,15
37,49,47
52,50,53
52,53,44
46,52,29
53,20,47
52,47,9
33,15,27
8,4,30
7,1,52
4,12,11
39,31,49
42,49,38
18,23,43
48,27,24
17,15,53
53,14,52
5,2,52
53,49,52
6,11,10
3,6,1
23,19,21
40,20,44
3,1,17
37,47,38
29,30,17
49,47,37
33,38,37
34,16,37
37,47,20
26,44,12
44,24,27
47,51,43
26,12,21
14,1,53
8,6,29
24,19,15
41,30,27
27,43,44
11,3,47
51,44,43
34,16,23
7,6,17
3,2,47
23,16,34
37,32,47
35,38,15
43,31,44
43,44,27
28,20,19
33,31,38
43,53,15
3,6,1
31,47,20
43,15,44
50,15,21
33,38,27
29,37,27
23,29,37
41,32,31
42,47,37
33,38,47
2,3,9
1,3,6
30,44,47
53,15,49
7,4,15
23,27,18
32,23,34
40,20,44
48,17,37
25,18,21
39,31,47
28,52,21
47,37,23
50,52,49
28,15,53
27,37,15
35,38,33
6,43,2
47,49,43
0,9,6
1,17,7
40,24,20
14,3,4
15,53,17
32,23,37
33,38,31
45,44,20
15,17,24
34,16,23
13,14,47
48,27,15
18,23,16
41,31,3
44,31,15
23,34,37
47,46,49
23,19,27
49,53,43
2,3,9
11,12,47
10,6,47
24,52,51
39,31,38
50,52,15
14,52,21
38,35,32
8,6,52
0,9,6
49,53,48
8,52,40
26,21,17
2,6,5
13,1,37
7,3,1
44,5,7
31,36,47
31,19,43
0,9,46
53,51,15
36,19,10
26,21,17
4,11,8
29,52,21
37,27,49
8,4,30
17,13,29
47,49,44
15,17,37
29,30,49
43,44,27
36,40,42
49,53,27
30,34,23
16,23,18
34,16,23
11,12,9
40,44,15
28,23,19
0,9,37
49,23,38
49,51,21
20,27,15
42,39,47
33,38,30
44,37,31
24,49,53
32,16,34
11,47,4
38,37,27
35,38,33
13,5,1
28,19,47
48,10,8
48,43,45
25,44,46
2,9,26
47,53,38
18,49,23
52,3,53
44,30,51
9,0,6
19,21,38
0,9,6
44,43,45
3,6,38
43,19,20
37,29,51
44,19,31
28,44,15
2,13,5
13,49,43
0,9,6
0,9,6
22,52,12
36,53,21
42,47,20
38,19,48
51,43,30
6,0,24
7,43,1
47,15,43
35,38,33
6,43,2
48,38,49
42,23,18
25,18,30
9,2,3
44,43,20
48,49,15
28,20,43
15,49,17
23,15,48
27,34,30
24,39,44
53,52,28
22,34,23
9,0,46
43,45,51
2,9,6
23,27,37
23,19,37
43,24,49
13,44,1
21,30,15
30,37,17
1,47,52
5,12,10
15,23,19
6,11,10
50,52,12
48,44,24
40,24,20
27,20,48
37,47,46
34,37,16
42,39,31
11,6,9
43,23,37
42,47,49
2,3,47
23,34,18
2,3,9
44,15,21
49,38,44
20,23,31
53,15,49
20,23,27
11,10,3
21,37,15
18,23,16
52,24,47
31,30,53
28,52,17
33,38,15
49,23,47
24,21,15
19,24,44
2,6,3
49,19,44
42,38,49
47,31,42
9,0,27
41,44,38
32,37,47
1,3,8
49,21,37
18,23,47
45,40,15
11,3,47
19,47,24
2,3,26
38,33,20
12,21,32
43,23,19
36,52,2
35,38,33
31,53,15
53,52,21
28,44,19
35,23,20
42,47,31
2,3,5
6,3,1
7,1,20
41,52,49
31,38,15
2,9,47
38,24,49
25,15,21
8,31,53
43,44,23
42,47,36
21,12,37
45,43,19
53,52,47
10,6,2
50,28,44
18,23,38
18,30,23
21,19,23
11,5,3
25,15,44
25,24,15
4,8,7
32,37,47
43,44,15
31,38,37
24,19,45
37,38,30
37,49,38
20,43,51
8,4,27
37,30,27
36,19,39
32,42,47
11,10,3
2,9,3
47,31,49
9,0,6
21,15,53
5,11,6
44,18,38
41,42,34
52,30,29
8,30,44
6,52,43
47,53,21
31,38,30
7,1,52
19,23,24
42,47,38
41,37,30
2,9,3
9,0,6
8,4,30
31,24,38
15,24,36
18,23,49
8,4,11
53,24,43
45,40,44
41,20,23
2,5,24
31,38,43
42,47,39
2,3,47
32,37,47
45,44,5
4,8,30
9,0,6
29,23,30
43,17,23
53,49,43
17,15,47
30,29,50
53,49,44
4,8,1
6,14,52
12,2,5
43,23,44
12,2,9
7,1,47
44,24,20
23,37,27
4,8,11
11,47,3
35,38,33
13,7,44
9,2,6
53,49,38
47,15,38
33,31,38
20,37,27
39,38,31
14,46,37
10,6,0
13,44,37
50,52,15
14,47,52
25,18,44
19,35,31
37,49,53
8,4,52
14,53,47
42,34,47
50,52,47
6,47,41
53,21,15
13,36,19
21,23,53
45,20,36
9,6,0
23,18,34
41,44,21
24,23,44
53,47,12
37,41,27
50,17,6
13,7,44
17,15,27
35,38,43
16,34,37
43,53,12
6,24,49
31,38,35
16,23,18
40,38,44
21,30,37
48,49,45
47,53,49
10,6,0
49,17,18
50,52,6
42,37,30
32,37,23
43,38,15
36,19,31
23,46,37
30,53,23
30,12,44
31,9,53
42,53,36
16,37,30
27,37,20
47,31,24
32,34,23
7,28,13
49,15,53
21,43,50
7,28,3
35,38,33
43,19,15
8,4,30
37,47,18
36,49,47
24,19,31
33,2,11
20,19,23
26,21,44
44,19,24
29,47,15
37,53,27
21,53,37
2,12,9
6,0,9
15,37,27
4,8,11
15,44,53
48,6,17
8,4,6
7,22,23
5,26,15
50,52,53
42,23,47
34,32,41
50,12,52
53,49,52
9,0,6
15,17,47
23,19,27
20,37,30
9,6,47
47,42,15
2,3,9
52,47,42
10,6,12
36,19,31
33,38,19
43,44,47
19,15,43
46,14,52
27,23,20
36,44,20
51,43,45
32,37,34
53,47,49
13,44,12
26,44,12
14,46,6
1,6,3
36,31,17
51,15,19
21,15,31
25,21,47
24,52,17
3,6,46
5,12,1
5,26,12
23,19,18
16,23,18
40,15,23
47,31,38
4,8,3
28,23,19
2,9,1
21,17,1
31,23,41
9,0,46
8,4,7
37,34,30
44,53,51
22,23,37
40,44,27
50,15,52
12,32,31
32,12,53
12,5,13
50,29,52
51,45,43
0,6,46
53,15,31
46,53,38
21,37,23
17,37,26
2,9,5
9,0,6
15,49,43
48,42,15
10,6,36
3,1,6
38,19,39
13,1,45
28,23,37
3,14,6
39,47,42
20,21,17
7,4,1
27,31,19
40,45,43
36,44,31
23,19,47
42,39,36
45,48,15
18,23,49
23,27,34
7,4,53
32,31,30
51,45,15
16,46,38
11,3,47
21,15,37
21,29,18
8,4,30
4,8,3
47,23,19
32,30,37
14,6,52
23,34,16
21,15,17
52,49,44
37,23,20
25,18,44
37,49,47
52,12,6
23,18,47
39,31,42
40,38,15
15,43,44
31,38,37
50,53,51
17,52,53
50,29,12
34,32,37
31,38,37
9,2,6
37,45,47
11,3,47
44,19,15
7,1,12
43,51,21
53,51,43
9,6,10
31,44,47
7,3,22
19,44,23
10,44,6
20,47,51
20,19,23
7,52,21
9,0,6
26,17,29
23,49,19
12,52,47
38,23,31
53,15,27
17,15,47
19,24,23
38,33,30
16,37,23
8,45,53
48,45,15
50,15,52
26,29,21
24,6,43
47,53,24
31,47,15
7,3,28
39,38,24
36,6,47
33,19,31
29,53,37
13,7,5
11,47,12
15,37,29
24,23,19
20,15,23
28,17,37
48,45,44
39,31,49
14,3,46
7,28,15
29,5,17
53,49,17
10,6,0
21,15,38
28,49,19
4,8,11
19,23,24
49,21,37
24,37,30
53,12,7
24,15,49
38,31,47
4,13,11
14,3,21
39,43,31
22,23,41
31,47,38
50,52,47
28,24,19
11,4,47
24,51,52
0,9,6
38,20,27
44,17,52
10,9,6
13,5,9
49,23,21
51,19,27
37,47,53
15,44,21
32,37,47
36,19,44
0,9,7
21,27,38
19,46,20
31,47,23
34,16,23
20,44,43
43,15,53
48,42,44
31,38,47
53,49,47
11,10,47
23,33,19
2,3,5
23,28,27
29,38,37
1,7,21
6,9,8
27,38,36
53,27,38
33,27,31
9,0,53
21,28,37
31,38,37
19,44,15
43,23,24
18,23,27
43,44,51
49,53,23
1,3,52
37,19,20
23,27,20
21,52,12
5,12,17
37,47,15
53,47,21
40,20,51
9,6,37
52,53,21
53,20,44
0,6,2
38,20,19
33,38,37
1,13,52
46,52,53
6,9,1
41,34,22
44,31,43
18,34,23
37,44,23
53,36,21
22,23,18
19,44,43
32,42,47
29,37,21
36,31,19
36,42,21
31,38,33
27,15,44
43,15,24
48,27,45
13,7,44
29,30,37
53,9,47
8,4,6
44,21,24
24,17,37
31,49,37
29,17,37
22,34,23
37,30,53
52,53,50
12,52,8
34,46,32
19,15,43
23,51,44
37,53,12
18,22,23
34,23,41
10,6,38
22,34,41
6,12,52
39,31,38
38,20,15
37,29,17
20,37,30
26,17,19
50,37,52
20,53,31
53,19,38
10,6,11
5,13,2
9,2,3
49,52,20
44,15,21
48,15,30
42,53,28
52,37,17
3,2,9
43,53,37
21,23,44
49,52,17
36,19,44
36,39,19
19,15,44
2,3,26
30,38,15
16,34,37
50,53,47
32,12,37
44,27,15
22,23,19
23,34,30
16,34,37
48,27,38
18,20,23
52,49,53
26,10,38
23,18,47
53,15,37
7,37,30
12,10,15
53,28,17
25,44,15
3,6,52
50,14,52
32,34,23
20,21,24
12,8,6
32,12,47
40,15,25
43,31,53
12,38,19
44,37,12
36,31,12
33,42,49
11,10,47
1,7,52
48,15,45
25,15,24
46,15,17
2,3,9
32,34,30
34,30,37
43,48,51
24,47,44
38,27,47
14,49,52
19,30,44
18,23,37
31,53,24
24,52,47
12,6,38
5,12,17
5,12,37
44,23,19
4,11,8
25,18,15
19,44,31
29,38,23
40,24,44
27,23,30
35,38,33
15,19,37
52,53,47
2,52,1
20,21,23
2,3,9
8,12,47
31,36,38
1,49,13
13,23,1
7,3,1
23,19,38
12,37,29
35,38,33
2,3,9
50,5,52
0,6,9
36,24,15
52,12,29
3,6,7
15,44,24
44,15,23
47,53,36
39,47,31
32,34,37
42,52,21
36,31,39
2,42,6
3,6,14
7,27,22
12,15,51
11,10,3
22,23,37
22,34,41
51,21,53
50,9,12
41,34,23
16,18,23
48,24,43
48,6,49
35,38,33
28,15,44
19,20,24
1,52,6
36,19,44
43,53,27
36,23,44
52,50,7
43,51,30
6,52,44
47,29,37
19,40,15
22,18,23
26,10,38
11,3,12
43,51,19
15,30,37
29,52,37
24,23,43
23,19,27
47,38,37
40,24,20
34,31,38
14,52,21
11,4,10
11,10,12
47,46,37
34,23,32
4,8,6
53,49,15
0,3,6
15,31,38
3,46,6
42,47,31
16,23,18
53,21,15
37,30,44
15,49,44
16,23,18
27,23,44
25,39,42
8,6,9
53,36,15
47,21,49
38,47,37
47,38,44
52,53,4
18,23,37
33,38,40
35,38,42
47,46,37
48,45,24
2,9,36
38,45,21
13,1,7
46,21,53
6,12,44
53,15,51
45,24,51
36,6,47
50,15,12
53,46,23
31,38,6
18,22,23
45,40,44
7,1,3
53,49,47
48,45,24
36,44,23
44,24,15
29,37,30
4,8,11
33,44,38
34,16,23
53,37,47
37,47,27
12,21,37
42,47,38
19,38,30
1,52,7
52,50,12
41,44,49
30,44,47
49,6,41
45,15,53
0,6,9
34,16,37
35,38,33
38,30,47
29,46,38
23,30,27
50,12,52
32,37,34
25,18,44
28,19,26
37,21,47
30,20,17
50,52,3
22,18,23
31,53,36
10,6,9
51,46,23
21,37,33
32,37,34
15,28,53
21,15,26
6,52,49
45,51,15
17,52,37
49,29,47
32,34,37
23,16,47
15,37,44
30,44,23
50,15,52
31,38,33
23,34,18
25,18,21
9,11,10
47,52,53
49,23,47
51,43,20
36,23,19
2,3,9
43,53,51
23,51,53
34,16,23
4,11,8
22,23,19
23,19,27
46,53,47
47,36,39
25,15,24
21,53,37
16,34,37
28,53,15
31,38,47
24,49,21
38,42,39
7,37,12
32,23,27
19,51,20
7,28,46
13,1,47
41,21,44
22,37,23
26,17,47
5,12,37
12,49,15
19,53,39
5,44,12
14,52,47
43,51,53
37,23,27
48,27,30
47,38,23
49,43,37
35,27,38
5,12,37
1,13,47
22,23,18
2,37,6
11,10,3
51,23,43
22,23,18
47,6,31
37,47,21
40,44,15
33,2,11
34,27,23
8,4,45
43,49,37
44,49,47
51,44,43
46,27,30
15,51,44
26,46,19
29,41,31
7,1,4
40,36,42
51,43,45
23,42,24
39,31,49
14,4,52
43,23,18
51,53,43
2,9,6
15,17,28
13,44,1
36,23,44
40,27,44
13,7,37
41,34,53
11,10,23
49,28,15
0,9,6
6,15,47
53,49,52
38,52,47
43,51,15
39,31,36
11,47,9
0,4,6
44,38,47
14,19,52
29,17,26
40,45,44
45,44,1
52,47,50
42,47,31
37,19,24
15,41,20
32,44,38
13,1,9
19,37,30
53,21,15
10,6,0
6,52,17
18,49,22
52,50,37
33,38,47
33,38,23
41,49,15
0,9,6
46,52,47
53,15,47
16,37,47
12,50,37
40,44,15
25,18,15
20,37,23
26,29,17
52,49,53
23,37,19
48,23,8
34,23,41
39,31,38
53,21,20
11,10,3
3,6,9
5,12,37
36,39,37
24,21,37
43,27,44
13,7,26
9,0,6
43,39,27
25,19,44
7,1,13
26,37,21
1,7,52
23,31,38
4,8,11
29,44,26
16,23,18
44,24,52
26,17,29
19,23,20
6,10,9
29,21,17
35,33,38
48,49,43
33,49,38
0,6,9
39,47,42
43,53,49
38,31,23
37,16,27
17,53,26
42,47,31
12,36,6
38,33,24
30,38,24
43,30,24
48,43,49
2,3,37
13,1,7
53,15,47
14,52,7
9,0,47
2,3,26
42,47,30
19,23,24
34,41,22
13,26,7
18,22,23
1,47,52
4,11,10
38,30,49
52,53,47
53,49,37
1,7,47
25,15,40
34,17,37
37,20,16
47,24,37
38,23,49
21,53,20
43,19,23
46,47,3
47,15,37
44,21,17
31,19,30
51,17,29
31,29,21
0,9,6
22,34,41
44,15,49
38,17,47
48,45,49
35,15,43
52,7,15
10,2,6
52,53,49
9,6,2
22,23,41
53,47,37
5,17,12
26,12,44
27,22,7
45,43,40
13,44,7
39,31,49
36,27,42
18,49,23
10,6,44
42,47,39
32,37,34
17,37,21
32,37,34
25,18,15
19,51,44
46,32,42
52,24,17
45,44,43
41,23,30
20,44,21
0,9,6
16,34,23
12,52,31
42,47,39
22,23,18
20,15,44
51,45,44
25,21,44
47,27,21
20,30,34
27,49,24
23,31,34
27,24,47
7,28,30
18,22,23
37,21,23
17,53,15
32,37,34
35,38,33
40,31,23
1,47,7
19,51,43
11,47,3
36,31,42
37,29,23
32,34,46
22,23,37
6,50,5
38,31,33
11,10,3
36,6,10
53,15,31
11,0,4
8,4,6
8,4,7
28,53,17
17,45,47
35,15,38
35,27,38
23,39,38
49,38,23
0,9,6
38,40,31
14,6,21
46,37,47
23,44,19
38,39,31
24,19,23
42,47,41
43,30,47
14,46,6
22,34,23
12,31,32
13,7,44
24,44,37
7,28,15
26,21,29
21,15,19
8,4,30
48,27,24
49,31,15
10,6,9
9,11,12
20,53,47
48,45,49
37,44,30
10,6,30
8,4,52
30,29,43
10,6,2
42,47,49
18,22,23
2,9,37
7,28,3
5,37,12
4,8,53
52,8,47
14,52,21
53,52,48
14,46,4
42,49,23
37,19,23
23,17,37
50,12,52
49,24,44
43,40,53
11,10,3
2,9,3
15,43,49
53,15,30
23,37,30
36,42,53
16,23,37
43,44,46
29,15,37
33,23,38
39,31,44
3,2,26
39,47,37
52,50,47
25,18,15
21,49,53
9,0,46
45,44,20
11,12,47
20,19,15
12,15,49
30,26,37
0,9,6
53,8,36
36,42,39
11,3,47
33,38,23
41,34,23
42,38,47
7,1,22
12,49,43
23,34,16
35,38,23
20,37,17
2,26,5
53,46,49
36,19,44
46,47,52
45,48,27
18,22,23
52,47,49
43,30,44
21,15,47
43,49,21
52,50,47
48,42,20
26,44,12
51,44,53
20,37,30
43,44,51
0,9,6
24,23,18
18,22,23
0,9,46
47,24,44
13,12,7
6,10,37
35,38,33
50,12,52
1,2,13
38,31,47
10,49,15
8,36,52
25,18,15
43,48,44
50,52,12
6,10,11
0,9,6
23,27,47
40,39,31
32,47,42
18,23,27
20,19,30
14,6,3
16,18,23
38,35,47
37,21,46
13,7,26
47,37,23
7,38,18
33,31,38
48,49,30
44,15,43
2,3,9
47,42,31
29,12,37
53,51,43
21,29,17
33,38,37
18,22,16
50,6,36
12,52,53
29,52,17
48,1,45
53,23,38
6,9,2
23,44,21
37,15,21
21,24,52
1,37,7
6,3,2
53,9,37
48,30,27
32,47,37
37,47,44
37,47,27
45,44,20
28,18,23
33,38,37
15,19,53
6,17,52
12,52,21
15,20,18
50,52,12
33,38,47
39,38,47
4,11,8
28,42,17
6,17,28
17,49,47
26,17,15
7,23,13
13,7,1
17,44,29
46,24,19
20,45,44
47,30,52
52,50,53
14,3,6
46,47,52
24,27,42
35,27,31
24,43,14
44,45,47
8,30,4
22,23,37
0,6,9
7,18,52
26,10,38
30,38,15
19,15,37
44,30,43
40,39,44
29,30,37
36,39,44
13,28,1
53,15,31
45,20,44
1,7,6
15,19,43
37,38,20
11,3,47
49,44,47
53,47,15
7,47,27
22,18,16
39,31,38
27,41,30
0,6,9
15,24,20
6,31,12
9,10,6
21,15,37
13,7,37
13,7,5
3,6,0
41,34,22
51,12,15
36,51,52
51,43,48
23,19,30
38,53,19
1,13,5
4,6,8
39,42,47
6,36,15
3,14,46
19,23,24
5,12,2
35,38,33
0,6,46
43,15,23
27,16,23
35,38,33
49,30,44
45,43,20
1,13,9
17,30,37
47,52,6
31,38,52
16,23,22
26,10,38
46,21,19
22,23,37
22,23,34
19,23,37
28,27,44
38,46,28
8,52,30
11,3,47
16,23,18
46,47,37
15,47,31
6,53,49
5,26,12
12,52,21
36,44,19
5,13,2
44,37,15
18,23,15
27,47,46
10,12,6
5,12,37
19,27,24
8,6,52
5,41,47
44,24,27
45,51,43
44,20,19
34,37,44
48,15,51
28,26,9
37,12,27
41,31,37
27,15,49
33,38,47
18,23,37
29,30,41
14,52,37
20,19,49
43,15,53
15,14,17
17,52,1
18,23,16
0,6,46
26,21,37
50,20,28
29,37,21
23,37,47
32,37,47
53,27,9
10,6,0
42,47,49
51,15,27
31,38,19
3,2,9
36,47,31
20,9,53
5,13,12
32,30,41
42,41,38
31,27,30
33,44,49
24,23,19
42,47,49
29,30,47
13,5,7
9,0,31
40,15,31
2,3,6
47,38,37
10,6,0
32,23,44
49,48,27
27,15,23
53,48,43
2,5,26
37,30,43
0,6,9
2,6,9
42,20,38
43,21,51
28,23,19
9,6,2
12,34,47
10,6,0
2,3,9
44,41,30
31,53,38
48,31,24
35,38,15
49,52,47
15,30,49
53,44,30
50,52,12
26,10,38
2,3,6
36,13,49
50,52,12
10,6,26
37,53,49
4,8,11
19,23,30
1,13,37
2,3,26
11,23,47
29,17,19
0,9,6
53,21,50
38,37,30
13,1,5
30,6,49
42,47,53
39,31,38
20,23,37
52,21,37
7,4,13
28,53,15
26,21,29
15,52,49
51,44,19
23,19,44
45,40,44
34,23,18
31,39,36
6,3,47
37,38,23
52,17,44
23,28,34
48,24,37
0,46,6
33,44,43
23,15,30
11,10,47
45,40,44
22,23,34
38,52,49
10,6,3
42,53,15
48,45,49
6,3,49
37,47,29
48,45,15
19,23,47
37,23,20
37,47,53
38,31,39
49,47,53
36,44,19
12,52,6
53,49,30
49,24,30
9,53,12
7,52,44
37,15,29
14,52,47
43,15,53
43,23,44
13,1,37
2,9,3
21,12,31
44,51,20
48,23,44
22,23,37
31,38,52
48,49,24
10,6,28
43,24,15
19,15,23
31,47,37
7,23,1
5,12,26
13,1,7
28,27,44
39,42,49
6,43,2
2,3,9
37,30,34
43,53,20
37,20,24
0,9,46
3,1,6
53,20,15
44,19,47
6,33,44
53,37,30
4,8,47
7,15,4
26,12,29
47,15,36
52,53,50
34,30,22
47,15,37
38,35,44
51,53,43
19,24,44
43,53,15
10,6,1
37,47,41
11,6,9
38,23,31
10,6,2
43,37,32
33,38,31
38,31,33
23,15,27
41,14,5
14,52,47
10,6,17
6,3,46
35,38,33
43,44,51
24,52,47
47,37,23
36,39,31
15,51,49
15,46,42
0,6,9
53,15,21
18,22,23
14,6,52
48,38,30
10,31,6
6,9,41
35,38,33
21,44,24
6,3,14
7,27,43
7,15,23
15,38,27
38,30,21
27,24,15
18,23,19
14,1,3
36,19,44
53,51,45
12,38,52
6,1,3
27,42,30
37,41,18
53,21,47
27,23,30
47,52,50
8,45,30
25,44,40
15,44,53
42,47,23
28,37,17
13,7,44
7,28,3
40,43,38
43,51,49
1,7,47
47,52,7
23,37,47
40,24,20
5,17,13
0,9,6
23,37,34
2,3,26
47,24,15
26,17,29
12,34,37
9,37,47
52,50,12
45,8,4
47,30,20
22,23,34
43,48,44
39,49,31
41,23,32
9,0,6
5,12,13
25,24,15
30,47,49
48,6,49
6,52,44
47,44,43
49,24,43
23,37,18
29,24,4
24,53,43
22,23,18
30,34,37
29,41,53
29,37,23
25,24,15
49,47,38
29,33,37
18,23,20
34,23,22
43,20,19
31,47,29
11,10,3
5,27,44
18,23,38
37,47,23
50,29,52
42,36,47
31,23,18
37,53,46
53,49,52
47,23,24
4,8,10
11,3,47
23,27,49
23,37,27
23,7,37
40,41,31
16,23,51
20,23,19
4,11,8
10,6,12
52,53,49
9,6,2
36,19,23
38,19,33
13,26,5
43,19,45
37,47,53
21,46,37
11,10,3
8,4,53
23,44,18
24,37,23
11,3,47
8,4,17
33,38,31
36,15,31
6,52,15
16,27,37
2,6,37
19,44,30
8,4,11
45,40,44
31,38,19
20,37,43
44,47,51
22,34,23
53,37,52
25,15,53
2,3,26
24,15,27
18,22,23
27,44,30
20,43,49
6,24,47
20,30,37
52,50,7
7,3,24
21,37,49
29,44,47
38,37,27
51,45,44
33,47,38
50,24,27
7,3,28
12,24,2
14,46,7
8,4,41
30,37,26
44,20,19
38,27,23
50,52,15
52,17,53
5,1,26
29,23,19
52,6,49
50,12,53
10,6,38
53,42,31
15,37,24
31,53,38
26,44,21
53,51,49
35,38,33
43,51,52
6,8,49
15,53,48
37,23,51
38,53,15
38,37,12
30,34,37
23,34,37
45,17,48
30,37,17
43,27,38
11,3,10
45,37,44
38,49,28
40,36,39
49,34,19
51,44,27
49,48,27
48,45,24
19,21,38
38,31,49
12,38,52
4,8,11
37,23,49
43,49,38
52,51,14
45,20,51
52,47,14
44,27,45
48,23,38
49,27,31
34,16,23
24,30,45
39,36,38
14,53,3
47,5,36
27,23,19
19,43,15
40,43,45
20,51,44
31,32,49
53,47,38
20,30,27
29,37,30
23,15,37
52,53,49
35,38,31
6,52,47
52,8,12
8,4,7
47,53,52
14,3,37
26,2,5
47,43,44
28,53,15
31,46,32
48,24,15
14,52,47
40,44,15
21,24,31
32,37,47
13,2,9
8,4,7
37,27,23
33,27,38
34,37,32
3,1,47
37,21,43
50,52,43
45,44,8
25,40,18
46,47,37
6,24,2
22,34,27
25,23,18
40,31,30
20,23,43
49,41,44
38,30,23
38,31,37
31,49,43
15,41,32
53,37,15
4,11,8
2,9,6
49,29,47
52,15,47
19,44,49
32,12,3
50,12,29
1,47,7
35,38,33
26,21,17
49,24,43
18,15,23
51,37,23
40,44,15
53,37,15
37,44,15
50,52,53
33,24,27
21,53,6
41,37,30
43,51,37
2,3,9
38,23,31
1,13,47
19,38,42
15,49,44
53,52,46
17,26,9
43,24,23
19,44,21
48,45,44
53,47,12
49,37,23
23,19,37
38,31,33
50,44,32
33,38,37
45,48,20
48,15,17
13,26,5
19,43,44
53,52,47
9,0,6
13,9,2
28,17,52
50,15,52
24,23,43
41,34,37
15,24,49
44,37,30
49,39,43
35,27,38
6,10,37
21,23,37
22,23,18
26,10,38
29,31,37
0,6,9
8,4,6
4,8,6
21,37,47
33,38,31
2,3,9
37,44,43
27,21,49
49,43,53
15,17,49
38,23,20
18,23,49
47,44,43
13,43,37
43,52,45
52,49,15
8,47,3
9,2,3
43,14,44
13,29,7
19,23,49
37,17,53
22,23,37
29,49,37
19,30,24
40,45,20
51,23,15
16,23,30
45,40,44
40,43,15
25,15,44
28,23,19
47,37,20
1,52,47
24,31,15
1,7,47
14,46,37
37,46,52
37,34,32
5,12,13
15,37,19
39,47,42
52,42,8
37,44,28
4,8,6
34,41,47
17,43,24
43,44,53
31,38,47
35,38,33
44,39,47
6,36,23
35,31,38
24,42,27
53,52,47
41,34,23
6,52,47
20,51,29
26,17,37
23,18,47
36,42,31
20,38,47
30,20,12
12,52,21
33,38,23
51,46,23
23,37,27
32,34,37
23,21,43
21,12,37
10,12,9
22,23,37
22,23,18
16,23,18
27,21,30
51,15,43
44,24,15
33,31,38
37,21,23
33,34,38
18,23,49
42,39,38
7,28,13
19,28,20
32,12,37
16,34,37
1,13,6
22,23,37
30,23,44
47,20,37
46,34,47
28,15,24
0,6,9
16,37,47
52,53,49
25,15,21
52,53,50
50,52,44
37,19,17
22,23,37
53,24,42
6,9,2
49,38,23
6,52,3
30,44,51
2,13,5
8,4,45
9,0,53
50,52,15
6,3,37
25,18,44
16,23,34
5,2,13
19,49,44
13,7,5
2,26,5
39,31,35
32,37,34
31,44,20
22,23,18
19,15,20
14,52,46
53,15,21
18,35,6
19,23,24
44,30,43
24,38,49
53,21,15
37,29,9
31,37,47
28,15,19
26,30,29
11,47,12
47,23,37
29,53,37
28,23,44
53,15,12
52,47,43
4,8,3
28,24,44
23,27,38
31,47,23
10,6,0
0,9,6
18,22,23
16,23,18
21,19,44
19,20,24
32,23,34
48,38,39
10,6,0
23,37,27
19,38,44
49,37,43
18,17,23
22,23,34
23,20,38
27,43,38
53,12,15
7,1,4
14,52,47
47,49,44
49,39,38
19,20,37
29,37,50
17,53,21
52,53,15
14,6,52
11,10,35
0,6,9
47,20,24
39,31,49
3,49,36
53,50,21
33,47,27
49,52,47
43,30,49
1,13,7
11,3,23
35,38,42
38,27,44
2,3,9
13,1,37
25,23,44
52,47,49
34,41,22
8,4,47
5,2,6
53,43,47
35,38,27
42,47,39
10,6,47
46,47,38
12,37,44
48,27,44
2,26,3
26,17,30
14,47,24
43,44,24
47,30,37
51,15,43
51,48,27
10,6,11
18,17,24
47,37,15
52,53,49
40,20,44
7,6,17
31,38,37
12,32,52
35,38,39
8,4,10
11,3,6
27,44,15
2,6,9
32,30,51
35,33,38
53,47,31
0,9,6
43,19,45
3,6,37
26,17,29
16,23,18
13,12,52
23,27,43
13,1,7
26,10,38
46,49,15
24,44,15
34,30,37
25,40,15
15,12,49
33,38,31
29,46,52
46,53,52
49,38,23
32,30,34
53,1,15
26,29,21
13,44,7
3,6,46
46,23,47
14,52,51
14,4,53
47,23,38
2,3,6
1,13,7
5,2,1
0,6,47
50,29,12
6,49,30
48,44,20
45,44,20
19,47,15
20,31,27
15,31,47
21,37,15
28,37,46
21,37,12
36,19,44
5,13,12
30,31,27
31,38,37
21,37,30
45,44,53
31,19,23
13,7,44
26,12,44
22,34,23
0,6,9
3,1,7
43,12,17
3,2,37
11,9,47
18,19,23
12,52,21
8,4,6
52,23,50
24,38,31
1,7,8
27,15,43
2,3,9
33,38,37
22,23,37
35,27,38
36,39,30
47,24,37
18,23,30
39,47,36
40,15,44
45,17,49
29,37,46
37,21,17
42,44,23
25,18,47
6,46,3
19,44,38
13,6,21
9,0,46
38,23,19
21,29,53
43,21,24
2,26,5
34,16,23
11,47,6
38,49,33
6,52,14
6,36,47
1,8,47
53,12,8
45,24,44
7,4,30
41,23,53
27,31,23
12,29,17
11,6,15
34,22,41
43,23,37
25,15,18
23,47,24
36,20,17
23,38,30
10,6,11
31,38,19
48,43,44
2,12,26
25,44,15
43,24,49
14,53,49
42,47,31
16,34,23
27,15,20
0,9,6
40,43,44
17,45,15
23,24,37
26,17,44
51,53,43
32,34,41
42,47,39
2,5,1
1,2,10
7,1,6
10,6,11
16,37,47
10,6,2
50,6,49
15,39,24
11,5,3
37,23,20
52,15,47
39,32,38
53,48,19
51,15,27
53,52,15
3,1,14
40,44,24
23,44,19
22,34,23
13,44,1
31,27,47
28,19,15
31,38,30
52,6,41
7,1,47
34,41,22
52,7,20
22,23,18
39,42,31
13,7,1
31,53,15
43,23,15
51,30,44
23,16,34
47,20,31
35,38,27
6,52,17
43,49,23
11,12,47
6,31,47
39,42,47
39,31,38
47,24,23
53,47,51
30,47,50
5,11,12
3,6,1
49,48,52
53,52,21
43,21,44
20,21,22
18,49,23
28,37,52
19,23,20
39,19,31
13,7,44
23,30,46
15,44,20
14,52,47
52,7,47
36,19,38
52,47,49
48,27,31
22,18,23
7,46,53
19,30,37
52,53,31
14,52,47
44,45,19
53,15,45
43,44,49
27,35,23
9,6,47
25,15,23
30,44,24
13,7,44
20,47,31
24,21,18
39,31,27
33,38,19
42,47,34
4,8,52
29,19,44
4,8,11
0,9,37
37,47,41
2,9,3
36,6,39
39,38,31
30,15,38
44,23,19
25,18,44
46,47,37
22,18,23
34,46,16
19,44,15
27,23,38
0,6,46
11,6,10
23,37,34
36,19,23
32,37,34
4,28,21
53,15,51
3,5,6
26,44,21
29,13,15
41,34,22
8,4,9
20,27,15
29,37,6
53,43,45
40,38,20
6,49,47
43,23,31
38,47,37
2,9,3
11,3,47
24,15,47
53,42,47
52,53,46
31,37,47
20,47,49
1,7,13
16,34,37
42,36,41
38,31,44
26,21,44
47,23,15
53,27,17
44,37,13
33,38,23
43,31,24
42,39,38
19,23,21
43,49,27
4,8,11
15,52,17
23,53,27
21,15,23
18,35,6
12,52,31
16,34,23
53,21,15
31,20,24
2,3,9
32,23,30
15,26,29
33,37,31
20,38,47
26,12,21
43,37,24
15,44,53
33,38,31
23,19,37
45,20,43
44,29,20
24,17,37
32,37,23
0,6,46
22,18,23
24,34,19
43,53,24
42,47,31
20,31,42
47,49,52
40,43,24
20,53,15
37,47,49
19,27,46
41,30,29
26,44,21
3,6,14
43,24,30
39,42,47
51,43,15
44,47,43
37,15,47
19,31,40
0,6,46
23,18,34
14,6,47
18,23,37
2,3,9
3,6,52
7,1,17
52,53,49
47,19,38
50,12,38
25,15,44
1,13,7
14,53,52
53,47,15
13,7,37
21,19,15
47,44,19
21,44,20
39,31,49
44,37,43
51,43,44
8,4,15
6,12,52
7,15,23
6,10,2
9,0,53
28,15,19
37,44,53
45,15,44
44,43,34
49,15,45
16,34,37
11,3,10
53,15,43
35,38,27
24,47,52
34,16,32
35,38,33
19,53,23
39,31,49
22,23,34
11,3,47
16,34,23
44,19,31
40,38,44
23,19,41
4,8,6
21,19,44
26,19,17
23,37,30
46,12,52
19,27,31
22,23,37
5,50,52
18,22,23
35,38,27
13,1,37
1,7,52
14,50,52
2,26,5
40,43,15
6,0,9
7,1,47
32,34,30
37,21,26
1,7,6
29,31,47
29,21,37
28,52,24
30,43,53
44,21,31
42,15,31
45,43,15
42,44,47
29,50,53
1,52,3
28,44,52
46,38,37
26,12,44
37,47,32
6,50,39
26,21,29
8,4,30
23,22,37
26,44,17
14,52,17
11,47,6
26,17,37
11,12,52
37,44,12
19,24,27
37,53,31
18,23,37
40,45,20
37,19,44
53,49,15
41,29,20
35,38,33
31,43,47
15,40,38
53,15,21
9,0,6
1,7,47
41,20,51
20,15,27
49,47,52
10,6,47
12,47,30
36,21,42
45,20,15
43,45,20
25,18,15
4,11,8
53,27,15
21,23,15
5,2,9
5,12,7
19,30,37
36,44,19
14,1,3
47,17,6
40,36,44
33,38,37
7,6,50
26,4,43
42,38,49
36,43,31
0,9,26
44,38,33
52,53,49
16,23,18
9,2,6
48,15,49
8,4,52
18,23,22
18,23,47
3,6,0
37,28,19
24,23,19
41,44,38
10,6,0
40,44,38
29,31,17
40,23,32
27,47,23
32,37,47
8,4,6
23,43,21
6,11,10
26,15,44
51,45,24
51,43,49
24,19,44
20,23,45
31,43,51
52,6,30
37,19,31
37,47,34
42,47,37
15,41,29
29,38,30
45,44,51
10,6,11
23,47,15
42,47,19
11,12,5
4,8,17
39,38,19
53,41,47
38,20,33
52,49,53
26,44,29
1,7,8
17,52,49
37,51,41
41,44,38
52,49,53
2,3,6
7,15,28
22,34,23
37,20,47
53,27,31
31,30,27
43,53,44
0,6,9
8,4,30
52,12,37
13,1,7
2,3,9
18,23,49
17,44,45
11,44,12
37,34,47
39,19,20
49,27,19
53,52,17
41,34,23
34,23,20
10,6,11
21,47,37
49,27,37
36,19,31
44,21,47
51,43,44
40,44,15
50,52,12
20,15,47
19,31,27
53,15,47
32,37,34
48,31,19
9,6,0
12,0,15
44,23,43
37,13,29
34,16,37
51,43,27
18,23,27
10,6,0
41,31,21
53,42,43
29,15,47
13,7,1
29,12,27
36,23,31
17,26,29
15,52,47
25,44,21
16,34,32
9,0,6
46,38,47
48,38,44
41,34,53
20,30,44
51,21,37
27,23,31
17,28,53
21,27,38
43,30,24
2,3,6
42,38,39
30,20,44
50,52,12
17,53,12
32,6,27
11,3,47
40,19,36
31,38,23
9,52,41
23,18,47
33,38,37
20,15,25
34,41,22
47,27,31
7,1,13
18,49,23
18,23,44
37,47,15
50,12,52
51,30,17
52,30,38
4,8,52
49,53,17
42,39,36
50,6,52
4,8,52
2,3,5
4,11,8
53,15,31
48,45,27
19,23,37
8,30,52
6,47,17
45,47,44
24,44,47
33,24,37
28,15,19
15,53,49
3,1,17
36,19,44
43,17,44
24,23,19
44,43,49
18,23,19
23,27,19
39,31,38
13,1,37
42,39,47
46,37,49
10,6,11
24,27,42
29,37,17
15,27,44
14,52,46
5,12,15
7,13,15
20,19,15
26,29,17
41,34,23
52,49,15
10,6,2
30,8,4
37,30,47
11,47,6
5,12,10
44,25,30
38,42,23
41,31,37
1,2,7
3,14,46
26,21,17
29,44,30
2,9,6
23,16,27
27,31,23
34,23,37
53,43,49
20,37,24
53,49,47
30,24,38
51,43,30
46,38,47
41,1,27
13,2,9
48,15,27
11,5,3
18,23,49
19,20,43
51,43,27
32,37,34
47,21,52
43,23,30
12,6,52
25,15,40
22,23,7
14,52,21
49,24,44
47,52,42
43,24,44
23,19,20
47,19,24
41,27,31
20,23,27
1,6,7
35,38,33
20,24,19
39,51,36
47,42,46
27,45,48
31,38,33
11,3,47
37,27,43
47,29,21
30,23,44
41,24,15
20,47,38
35,38,33
47,24,31
22,47,23
42,47,34
26,30,37
43,15,52
48,19,31
27,17,41
47,49,38
10,6,11
28,19,15
29,17,44
52,50,47
46,52,29
23,18,27
53,24,33
10,6,11
33,2,11
32,23,41
16,23,37
34,37,32
2,3,6
24,43,51
47,50,52
6,3,37
28,38,31
10,6,50
31,30,19
24,43,27
34,16,30
7,23,41
2,9,3
39,43,31
19,30,37
22,34,23
34,23,37
19,44,27
47,42,38
18,23,38
36,19,44
25,40,15
31,53,47
26,17,29
10,6,1
23,18,37
23,47,15
52,17,47
14,6,46
11,6,47
5,12,2
36,19,40
45,20,44
13,1,7
37,23,30
22,34,23
53,15,37
13,1,37
7,13,2
37,23,46
43,19,44
11,6,3
4,8,11
42,39,38
6,3,47
45,53,15
23,30,19
53,23,41
48,45,27
15,44,23
11,3,47
42,47,15
52,1,8
44,24,43
40,36,44
29,37,12
27,19,31
45,43,44
53,50,15
5,37,12
49,31,53
4,8,44
6,8,41
30,23,19
3,1,6
36,23,44
33,27,38
50,27,24
22,23,18
53,24,47
43,31,41
53,15,49
53,15,52
49,41,37
24,43,15
28,15,17
33,38,44
4,8,6
7,1,13
43,48,51
28,37,18
52,31,15
21,19,23
35,31,27
8,4,30
0,9,46
40,33,38
46,44,47
8,4,10
1,11,13
38,51,15
31,32,38
39,49,31
21,37,17
53,46,12
13,1,47
27,37,47
7,28,30
23,18,37
26,21,29
37,30,24
22,34,41
22,15,30
29,53,30
2,9,6
14,52,47
20,21,53
26,29,17
7,28,13
32,37,47
16,34,37
52,47,37
39,38,19
20,19,33
38,47,37
11,10,6
25,21,15
18,49,23
24,19,31
37,23,38
53,45,17
22,23,37
48,49,17
25,18,44
13,26,5
53,52,49
43,23,19
11,12,47
15,24,23
37,20,27
9,2,3
26,21,29
39,31,38
24,27,15
12,30,37
6,37,46
21,23,19
31,38,47
9,47,37
37,47,23
47,20,37
34,16,30
5,12,17
40,24,44
17,52,37
3,6,47
14,3,46
5,12,18
38,31,33
42,47,31
25,18,24
37,38,23
25,18,24
42,47,38
44,43,24
14,52,47
6,7,52
13,7,5
47,19,24
31,53,47
12,50,52
53,52,46
9,0,6
22,23,19
23,49,15
50,52,53
31,38,33
53,52,49
28,47,15
42,52,28
47,37,53
22,23,18
7,22,23
1,13,7
19,15,21
41,30,27
23,18,16
14,52,46
15,45,31
9,49,6
29,44,49
26,21,37
37,44,20
51,44,23
9,53,27
19,44,43
48,44,40
4,10,23
19,20,47
36,19,44
15,53,47
51,19,37
5,13,26
15,53,47
16,22,27
24,17,30
39,31,49
43,44,24
53,43,51
8,4,44
3,2,5
45,44,31
44,37,15
7,12,44
46,37,21
31,30,23
35,38,33
14,46,52
26,21,37
40,31,24
0,6,46
18,23,30
51,48,27
18,23,19
37,33,2
18,23,49
12,52,21
49,53,14
25,18,48
34,23,30
52,29,47
9,0,6
45,40,44
27,17,30
52,30,53
22,16,23
14,23,46
31,19,43
38,18,27
34,23,16
49,24,32
44,23,53
12,49,52
17,37,29
52,47,6
14,52,6
24,37,47
41,34,23
5,37,17
27,23,37
34,16,37
53,12,47
23,24,19
14,52,19
20,47,19
53,52,50
27,19,48
26,44,21
45,44,38
9,37,2
53,29,27
53,47,41
11,3,47
17,44,20
17,43,37
0,6,9
53,21,37
53,47,52
52,7,21
43,37,44
24,37,23
23,43,19
31,23,43
20,23,19
17,52,37
53,49,15
5,2,26
21,37,23
44,43,19
32,16,34
8,4,49
10,6,0
53,48,47
24,14,15
11,4,6
1,50,7
45,51,44
34,41,22
3,47,37
34,31,38
51,43,17
8,4,30
2,5,37
22,23,34
39,36,47
24,19,38
49,23,24
27,23,34
51,46,15
17,37,29
17,43,37
3,6,14
37,15,24
45,40,44
7,1,6
24,15,30
0,9,6
25,18,44
7,15,23
23,27,19
11,3,47
26,21,23
42,53,47
7,30,1
40,23,38
23,15,51
33,2,11
1,37,47
31,53,38
29,15,33
37,49,41
53,30,17
15,31,20
40,13,44
21,23,47
15,47,49
19,31,15
45,43,49
15,27,1
28,15,23
17,30,41
23,24,19
12,15,32
42,47,39
0,9,2
17,15,7
7,15,1
5,26,7
6,43,17
16,34,37
52,6,41
15,53,47
39,31,38
3,6,46
41,34,23
6,47,52
41,31,17
48,42,20
32,19,20
26,21,29
39,47,37
23,33,31
3,6,47
43,49,53
26,17,29
52,50,53
44,49,34
3,6,0
18,23,22
16,23,18
34,23,16
23,21,44
14,3,37
4,8,17
3,6,52
48,44,45
6,50,12
26,21,30
2,9,3
22,7,23
38,19,39
45,40,44
40,44,20
50,52,47
27,47,23
44,37,27
31,47,38
32,37,47
53,37,44
52,6,50
33,27,31
24,44,37
13,7,5
43,37,27
6,12,1
42,47,31
27,37,53
46,29,44
22,23,18
2,3,9
43,15,53
18,23,38
25,18,23
5,37,12
34,46,47
34,27,23
43,15,31
22,23,37
18,22,23
11,47,3
43,48,24
42,47,39
17,37,30
1,13,47
22,16,23
17,24,15
53,43,15
43,49,48
16,23,18
18,27,15
52,31,53
43,44,15
23,27,44
35,38,33
18,23,24
27,23,37
35,38,33
26,44,29
2,3,9
42,49,47
42,38,39
35,38,27
23,19,37
1,9,6
3,6,1
43,53,49
5,12,37
49,31,17
40,23,32
37,23,51
8,4,7
42,36,17
43,53,19
37,41,23
17,52,49
33,38,31
11,3,23
27,43,19
27,37,20
49,23,47
36,27,31
6,43,21
38,23,24
24,29,2
41,24,15
18,23,37
39,31,38
43,21,53
50,52,12
14,1,3
17,15,52
14,3,4
5,2,26
33,23,38
28,21,27
36,19,44
43,44,15
50,12,52
41,34,23
30,20,51
18,49,23
37,23,38
53,20,52
2,3,9
18,23,37
43,15,47
0,9,6
13,5,12
0,9,6
14,49,52
11,6,47
11,10,3
39,47,38
2,3,6
4,11,12
29,30,46
11,47,9
30,50,41
47,19,38
43,37,44
27,37,30
38,49,27
53,31,15
33,38,37
43,44,49
20,44,31
18,23,38
38,39,24
47,52,6
29,23,30
40,44,38
52,47,49
25,18,44
42,37,41
9,0,6
23,37,51
7,15,28
22,23,18
53,15,49
17,53,21
51,44,19
53,21,15
9,0,19
23,37,49
52,53,50
43,51,53
49,53,15
39,31,40
18,23,22
42,47,49
20,38,48
9,37,20
31,30,27
42,47,31
27,37,20
22,20,23
37,47,32
6,10,11
23,34,30
26,10,38
23,16,34
16,23,18
38,39,47
26,30,44
1,3,6
36,14,6
10,9,53
24,17,15
37,47,34
44,20,23
2,26,5
50,21,31
17,37,44
0,6,9
9,6,46
19,21,23
16,34,23
26,21,29
1,13,7
34,30,41
6,52,38
49,23,34
23,30,27
15,51,31
45,44,40
23,37,30
23,31,21
15,37,28
15,47,37
27,37,43
3,6,46
36,44,19
49,43,15
40,24,20
43,44,51
36,42,47
38,27,47
37,53,42
12,52,21
52,53,21
34,23,44
31,47,19
51,27,15
5,12,3
14,17,52
50,12,21
23,19,37
29,44,26
34,16,37
53,47,48
48,37,47
32,37,47
33,38,37
45,43,48
52,47,6
32,37,34
24,20,23
30,23,37
16,23,18
53,15,21
19,15,44
7,13,44
44,19,30
52,47,49
14,6,37
39,42,38
31,19,27
46,29,44
46,30,37
31,38,33
15,24,47
8,4,7
16,23,18
51,44,30
25,44,15
22,23,37
27,30,47
34,23,31
50,52,37
2,9,6
18,34,23
53,27,46
31,41,24
2,3,9
37,53,15
51,43,15
48,17,24
53,37,44
37,12,17
3,6,2
39,38,31
35,38,47
1,53,52
44,37,19
26,23,24
27,23,31
45,48,20
35,38,33
16,23,18
53,51,49
49,52,28
32,37,47
43,37,44
12,50,21
29,17,37
5,21,12
39,31,27
36,31,23
8,4,6
41,38,37
52,37,17
48,27,15
47,53,52
33,38,19
26,37,17
38,19,39
17,6,10
29,37,15
32,34,30
47,23,19
29,38,23
38,31,47
42,52,47
2,26,5
29,52,13
33,31,23
1,13,52
22,41,34
18,23,27
42,39,31
41,34,21
14,6,52
50,52,15
52,17,15
1,13,3
51,43,30
38,33,31
23,47,41
4,8,30
27,23,49
37,43,23
17,21,52
47,53,6
45,43,30
15,51,44
19,15,23
29,38,4
53,30,15
18,23,48
42,47,49
31,30,44
47,37,19
33,47,38
53,51,49
24,19,26
10,6,3
38,31,47
52,51,15
3,1,6
7,42,46
52,12,37
12,50,47
49,43,53
11,10,6
18,34,23
29,37,41
26,44,37
48,24,27
46,53,15
29,31,37
41,30,27
7,28,14
36,19,44
3,2,9
39,42,49
44,52,17
38,31,21
40,38,31
53,28,15
33,38,47
44,29,53
52,6,31
43,31,49
11,3,47
23,43,27
53,52,15
32,47,34
53,31,43
48,19,27
6,2,10
13,2,3
18,23,19
45,48,44
24,27,42
50,29,21
31,19,27
46,6,52
38,40,31
47,37,16
34,41,37
23,27,47
2,3,9
30,37,47
13,9,2
12,47,37
12,32,52
42,49,47
45,48,24
28,19,44
30,31,19
48,39,27
36,38,47
23,44,53
26,17,44
6,46,52
7,28,3
20,43,15
15,49,18
48,27,44
1,13,7
4,8,11
53,52,37
24,19,38
46,19,44
42,23,46
26,10,38
44,30,38
29,15,53
53,15,42
27,23,34
15,24,23
53,15,46
35,27,38
33,23,38
44,19,33
42,39,46
8,4,6
43,19,23
28,38,23
52,6,49
13,2,5
39,47,31
17,46,53
49,15,17
14,52,6
1,7,52
12,52,21
22,23,18
6,1,9
45,43,15
33,38,46
49,23,19
22,23,37
17,24,49
31,20,53
38,33,31
0,6,46
50,12,52
0,9,6
30,53,17
48,15,49
39,31,38
37,24,27
41,34,15
44,19,47
29,51,21
6,50,37
39,38,31
31,38,19
23,37,19
2,5,26
33,43,20
13,5,2
34,41,22
38,18,27
34,37,32
5,12,2
53,50,46
40,38,20
2,3,9
53,15,37
48,41,23
42,38,47
42,39,47
5,14,17
2,9,3
15,37,23
10,6,11
26,19,24
16,23,18
36,47,14
45,40,44
47,38,23
39,42,47
34,23,37
28,20,21
26,12,21
18,23,47
35,38,33
6,17,11
24,27,15
22,23,37
44,15,37
36,24,39
42,31,47
9,0,6
40,24,20
13,37,53
16,23,18
44,37,15
4,8,11
23,18,44
7,28,3
52,21,37
49,30,53
3,1,6
40,24,38
46,53,52
46,15,47
45,40,44
49,43,53
33,38,40
11,47,10
5,12,13
19,21,15
41,15,37
29,21,30
32,53,12
19,44,23
49,15,47
7,6,17
19,43,15
11,10,3
44,19,27
47,44,53
37,12,19
53,47,15
14,52,37
25,21,18
9,6,0
28,23,19
2,5,26
35,38,33
21,23,30
24,44,38
18,23,17
41,42,32
22,23,37
40,44,51
36,44,23
15,19,24
34,39,47
52,21,53
22,23,21
37,30,47
44,27,30
37,43,15
30,23,49
34,32,16
1,13,53
35,31,38
20,46,37
15,31,37
16,47,37
43,37,30
2,9,26
48,44,19
14,47,46
31,47,20
15,43,37
21,19,37
22,34,41
8,4,49
44,43,24
24,38,47
29,37,12
20,37,53
39,49,38
46,41,24
18,23,49
14,52,21
23,34,16
16,37,23
12,37,29
20,53,31
6,8,15
11,9,47
12,47,31
15,24,21
36,31,44
53,47,15
27,23,37
42,53,52
6,2,37
45,30,15
13,7,5
53,12,21
31,38,53
5,12,37
39,38,35
23,27,44
34,16,23
14,3,5
47,19,38
8,6,52
53,52,49
16,23,18
11,10,3
14,52,53
8,6,37
10,6,2
44,19,37
7,3,28
53,47,49
10,6,36
9,0,6
11,47,9
2,9,6
27,40,38
34,23,16
49,15,20
25,44,21
20,49,53
45,24,51
42,49,47
5,3,52
35,38,33
15,53,20
29,17,30
27,23,53
42,38,39
35,38,33
22,34,18
39,31,38
10,6,49
28,15,17
34,18,32
18,23,38
23,41,37
49,17,53
26,17,44
50,12,52
43,44,23
18,37,27
49,37,44
22,23,34
15,6,52
24,19,23
22,23,18
26,10,38
47,52,53
47,37,53
41,23,30
49,20,19
51,20,53
37,44,15
22,34,41
6,53,44
31,38,47
15,24,23
35,38,43
39,31,36
13,37,47
8,30,4
52,8,12
37,24,30
50,15,52
40,43,44
50,12,52
20,15,24
39,49,17
31,38,37
43,24,44
47,38,44
45,51,43
12,21,38
0,9,6
43,21,53
26,19,37
30,44,47
11,4,3
28,15,26
24,52,51
30,23,31
13,7,44
31,33,38
36,39,31
18,23,27
24,49,15
13,44,7
44,45,20
53,43,49
32,37,30
40,38,31
26,17,29
24,49,23
30,28,8
50,52,12
4,8,1
28,24,12
53,49,15
23,37,19
37,49,21
11,3,10
8,47,44
14,46,37
38,37,23
44,37,51
23,37,47
48,39,8
37,24,21
48,6,38
30,47,31
6,30,17
7,23,15
42,47,6
22,23,34
9,46,1
38,33,34
3,2,9
53,42,26
12,38,37
23,22,18
24,19,38
34,41,37
15,19,44
9,0,27
38,15,35
2,26,5
32,37,47
0,6,9
11,10,23
27,23,19
43,20,19
19,15,20
23,37,38
22,23,37
47,53,21
37,17,6
6,2,0
48,45,30
37,53,15
38,20,33
34,23,37
39,31,38
44,15,37
16,34,37
26,21,30
44,15,24
53,49,21
24,23,37
10,6,47
47,7,21
3,6,14
37,23,41
2,5,26
31,39,38
37,23,27
53,9,47
45,41,15
9,0,6
16,23,34
9,3,6
23,21,37
44,37,21
16,22,23
29,38,37
4,8,30
12,38,37
22,23,34
19,43,23
29,17,37
52,53,15
10,6,12
15,43,47
47,15,38
41,37,23
48,43,17
36,19,31
8,4,30
37,43,44
50,52,15
26,12,29
0,1,42
52,53,21
37,53,12
8,4,6
5,37,12
31,27,38
2,5,26
5,12,18
3,6,9
43,20,15
9,0,47
39,31,42
34,23,30
8,4,30
53,43,20
38,31,19
43,15,44
52,49,47
34,26,30
21,24,47
37,44,15
50,15,52
24,33,19
47,49,53
38,20,24
16,23,34
25,44,30
20,45,15
42,47,49
31,53,37
17,15,37
38,15,47
26,17,12
7,28,3
23,46,34
45,17,44
27,23,37
24,15,39
7,15,23
41,42,46
34,16,23
52,50,48
18,23,47
45,44,51
13,2,5
29,44,38
14,4,52
10,9,11
6,15,52
32,23,37
53,15,47
30,19,20
48,43,15
29,43,19
27,20,31
2,26,5
23,27,37
18,23,37
50,15,52
30,14,38
35,38,33
23,18,34
7,1,3
5,11,12
20,19,31
22,23,34
24,43,49
10,11,6
8,31,4
43,52,37
23,27,37
19,31,40
21,15,46
50,52,44
32,34,37
33,38,37
10,6,14
45,44,23
52,15,12
24,31,17
53,46,52
13,3,26
32,37,34
17,52,53
53,46,7
21,47,15
48,49,15
46,23,18
53,15,34
23,19,49
2,3,26
32,37,47
37,52,49
23,1,44
4,11,12
32,37,34
37,47,53
2,3,6
50,52,12
16,34,32
38,31,4
37,17,23
25,21,44
11,6,10
32,47,37
36,50,8
24,19,44
36,44,23
1,49,3
19,23,16
31,38,47
53,31,43
33,38,31
35,38,15
44,15,53
52,15,12
16,27,46
36,12,47
52,53,49
34,23,37
42,47,15
0,9,6
1,6,9
40,44,27
43,51,15
33,2,11
15,53,12
0,6,9
43,24,44
34,16,23
9,1,47
8,47,4
51,43,48
18,23,49
0,9,6
33,38,37
20,24,44
39,37,38
53,52,49
23,21,19
18,23,16
40,38,24
25,15,24
6,52,47
23,32,34
52,15,53
43,49,44
27,12,53
14,4,3
36,47,52
41,34,23
7,3,28
12,29,30
37,24,43
41,20,29
31,37,21
0,4,46
34,27,23
31,29,30
23,18,21
51,52,47
18,23,30
43,51,27
34,19,30
34,41,23
38,39,42
28,52,15
23,19,46
0,6,9
37,20,24
45,15,20
13,1,12
26,21,15
14,46,21
22,23,37
53,47,31
1,47,13
15,37,44
42,47,34
40,45,44
42,47,39
45,20,15
29,23,30
40,53,20
16,23,22
39,34,38
36,27,44
42,38,49
26,21,12
43,27,37
16,34,37
37,21,23
19,31,21
35,10,38
4,8,52
38,44,20
31,38,33
4,8,6
25,40,15
20,15,45
8,4,52
35,38,33
15,24,52
3,6,14
37,20,24
33,38,19
2,26,3
11,6,1
20,43,51
27,47,43
35,27,38
32,37,23
2,26,1
18,22,23
48,42,17
29,47,44
6,10,9
42,47,31
0,9,6
51,15,44
15,44,31
39,31,38
49,6,15
0,6,9
1,47,29
33,38,37
20,52,46
15,43,7
4,8,30
2,9,47
8,30,53
48,43,27
15,37,17
9,2,6
43,49,24
42,47,31
29,26,17
32,37,47
25,21,44
3,1,52
22,23,37
53,52,50
41,34,23
43,15,44
5,1,3
42,47,27
8,4,30
39,42,47
22,34,23
12,37,15
13,1,7
24,20,43
9,6,2
16,23,18
39,49,38
38,19,37
32,37,30
20,15,21
48,15,49
12,37,44
48,44,43
37,19,41
26,10,38
31,44,38
10,6,0
52,53,17
44,43,23
7,47,6
16,47,44
22,23,18
53,52,17
24,20,12
42,47,49
48,42,19
8,4,10
12,50,37
42,47,31
44,20,27
7,52,23
16,23,44
34,23,16
42,47,49
22,34,37
10,46,6
28,51,20
1,13,7
43,24,15
23,47,31
21,27,44
37,49,15
47,49,6
23,34,49
11,3,30
29,37,12
8,30,4
23,18,44
12,6,29
51,31,15
31,15,38
3,9,6
43,44,47
52,53,47
23,38,37
22,23,27
28,53,15
37,23,16
37,53,21
13,7,44
6,12,52
24,43,23
30,37,38
53,37,49
38,31,23
47,31,46
53,24,15
11,3,47
30,43,51
50,12,52
45,51,20
3,47,1
5,12,37
53,17,52
2,26,5
11,12,3
31,38,37
51,43,17
16,23,18
19,53,38
35,40,15
41,33,49
2,3,26
3,6,46
16,18,23
42,38,23
3,6,9
36,19,31
11,9,47
11,9,12
7,5,17
14,3,47
51,47,24
11,10,23
42,47,31
5,12,2
14,52,47
32,16,34
43,37,52
8,4,12
23,34,22
42,47,39
1,13,28
20,19,23
25,15,44
5,17,19
47,14,37
42,34,47
40,20,44
31,47,38
50,15,52
43,44,19
1,47,37
4,8,52
28,53,15
39,49,47
50,29,41
4,8,17
40,31,39
45,44,17
31,38,44
41,34,37
29,21,15
27,37,15
36,44,19
11,10,6
36,31,6
24,17,49
47,49,38
23,31,30
2,5,13
43,24,44
35,27,38
45,44,20
45,15,31
31,38,27
21,23,19
47,52,53
28,17,52
31,15,19
29,26,17
4,6,47
10,6,2
20,43,47
25,40,30
34,16,37
11,12,3
36,19,47
6,52,14
44,43,17
34,16,32
11,4,47
29,53,6
52,38,23
11,3,10
3,2,6
23,18,37
51,44,30
21,37,15
51,15,44
34,41,22
45,26,15
26,21,29
40,19,38
53,17,49
50,12,52
0,9,2
23,30,43
35,38,27
27,37,23
15,29,12
23,27,21
28,19,26
18,34,23
53,12,47
38,49,44
42,47,31
32,47,39
6,47,37
18,34,23
46,38,52
44,40,32
21,15,53
37,17,12
46,12,49
23,18,49
2,12,37
36,52,49
53,37,47
51,49,20
31,53,20
4,8,30
6,14,47
6,46,47
35,27,38
20,15,51
38,36,45
30,49,47
9,2,6
13,7,26
12,15,19
9,2,47
22,23,41
49,43,47
16,23,18
0,9,6
20,23,27
9,2,6
7,1,42
25,15,18
45,47,51
47,37,38
45,19,44
12,29,37
18,23,47
49,53,52
16,23,18
20,44,23
40,24,44
3,2,52
3,6,14
45,44,51
5,12,37
49,15,52
47,43,49
21,15,43
33,34,37
38,52,47
25,21,15
31,44,20
52,8,6
17,23,49
10,38,6
45,51,37
5,12,11
23,18,16
34,16,37
39,48,31
43,27,19
37,38,23
2,6,37
25,24,15
53,8,30
24,53,40
37,23,24
21,17,15
29,21,41
18,22,23
7,53,14
24,20,9
43,44,24
53,52,21
18,23,49
33,31,38
38,31,44
50,52,15
53,51,52
53,42,15
35,38,31
28,17,21
24,17,30
34,16,23
45,51,15
53,15,43
25,44,19
10,6,12
28,51,20
8,52,17
9,2,6
50,52,30
0,9,6
8,4,52
51,21,48
2,3,5
53,17,15
0,9,6
34,41,22
1,52,7
13,7,1
24,49,17
38,27,30
53,47,31
11,47,3
24,21,15
36,19,31
40,24,20
51,52,49
23,17,27
27,24,21
10,6,44
48,46,49
14,1,3
2,3,26
47,38,27
53,15,43
15,37,17
39,31,19
14,52,9
23,19,30
38,37,49
41,34,23
16,43,23
12,53,42
9,47,6
1,6,53
43,47,38
1,13,7
30,37,47
43,24,51
27,23,15
15,21,29
42,47,49
4,8,30
11,12,52
45,13,44
53,12,42
35,47,38
22,27,18
29,17,37
15,21,43
23,22,18
27,15,23
49,30,48
24,15,17
7,20,30
22,18,47
24,19,23
50,6,52
9,6,47
12,52,50
50,29,12
30,34,37
16,34,23
10,6,11
10,6,11
12,37,30
53,19,24
7,1,13
7,1,13
33,15,31
2,36,9
15,31,47
33,38,31
30,15,31
24,43,17
10,6,11
47,52,21
1,7,6
15,17,12
36,20,44
3,6,46
28,53,50
9,0,6
25,44,15
52,53,30
34,23,37
52,50,43
35,38,33
28,44,30
15,29,30
24,20,37
43,19,44
15,43,47
22,23,37
3,2,9
38,44,32
41,37,23
38,17,49
31,47,38
6,3,14
9,0,53
53,52,49
23,49,21
19,44,15
53,14,52
8,4,10
10,6,11
40,31,36
29,47,30
43,24,51
50,52,21
4,8,30
1,13,47
47,30,38
20,23,31
40,20,15
10,6,2
8,52,6
52,49,8
8,4,30
48,45,49
34,23,41
11,10,9
20,53,43
1,7,52
33,38,23
6,37,50
50,53,52
37,19,44
47,15,21
15,28,44
23,34,30
24,43,15
14,47,46
1,3,9
1,52,49
24,49,31
38,47,31
53,49,43
13,2,26
26,12,29
37,21,27
23,38,37
15,23,17
19,23,44
3,12,50
9,0,46
26,21,29
3,6,14
13,7,44
16,18,23
12,53,52
9,2,47
52,53,50
43,49,15
28,23,19
47,23,38
46,38,44
16,34,23
43,53,37
23,37,44
35,38,33
41,20,21
23,21,18
21,19,23
52,14,36
53,24,51
36,14,47
39,31,47
53,49,37
22,34,23
53,37,47
49,24,44
39,31,42
3,2,26
36,44,19
5,4,10
19,43,30
31,29,36
0,6,46
29,20,17
30,49,37
30,27,19
15,53,27
37,27,47
48,15,24
15,21,29
24,23,41
35,33,38
25,44,15
14,52,37
52,53,50
48,31,19
44,30,38
48,6,49
16,23,34
36,47,38
29,24,30
1,7,6
9,6,49
20,47,24
11,0,9
35,38,23
14,52,46
42,19,47
28,12,37
26,10,38
42,39,47
52,12,6
16,23,34
20,15,30
20,19,15
16,37,34
44,19,30
35,38,34
13,2,7
42,47,31
8,4,7
24,27,20
39,31,38
42,47,31
11,4,10
14,52,47
7,13,1
8,4,30
32,37,30
19,23,21
37,38,47
7,4,47
30,34,37
38,18,23
46,43,37
2,26,5
27,23,51
28,53,17
24,52,51
5,12,2
23,18,47
15,30,24
8,4,30
38,31,33
37,44,49
2,5,9
8,4,7
20,24,44
11,3,47
26,44,12
53,30,52
39,31,49
8,30,53
14,3,6
39,31,38
43,27,15
36,10,12
23,22,18
36,39,31
39,38,44
4,8,30
22,23,34
50,47,21
34,23,37
0,6,9
33,15,38
32,16,34
10,44,6
32,37,47
28,52,53
24,15,44
52,49,6
3,6,14
22,34,41
3,1,6
40,15,44
26,30,27
28,17,37
15,43,46
42,39,47
21,37,49
20,48,40
36,31,53
35,31,38
20,44,19
23,31,20
1,7,47
15,47,53
43,21,20
23,30,20
15,52,49
30,31,23
32,37,23
49,38,37
17,29,44
1,7,13
53,52,21
39,31,19
3,6,7
9,53,47
7,3,22
44,15,19
48,15,44
20,38,47
43,49,53
32,37,47
13,7,5
5,11,6
22,23,33
6,10,2
43,44,15
12,15,21
31,38,12
34,30,44
43,51,27
46,52,53
23,24,31
37,21,38
12,52,15
22,27,18
51,44,37
38,15,50
36,52,6
19,30,23
43,53,15
44,49,43
10,6,2
40,27,23
39,31,38
43,19,53
11,47,3
53,17,47
36,19,42
28,52,53
21,12,15
45,8,51
15,21,52
7,1,6
26,21,29
23,30,19
8,4,1
2,9,37
37,41,27
14,52,46
53,43,49
52,49,53
2,3,9
37,23,51
12,47,31
53,52,47
35,38,33
40,15,31
13,7,1
50,31,12
52,8,17
19,15,36
51,43,23
48,51,15
25,44,21
6,12,46
16,23,18
39,31,40
26,12,29
20,19,27
3,2,6
36,42,23
43,30,15
36,42,47
29,12,37
53,15,44
29,37,43
26,13,5
43,51,23
6,52,37
34,23,37
8,6,52
26,17,29
44,30,23
23,18,27
19,43,44
13,44,7
27,44,38
41,43,15
35,33,38
43,51,53
19,44,12
25,44,21
44,37,15
9,1,47
2,3,47
43,49,44
48,40,43
34,41,23
25,44,21
22,23,34
22,23,34
52,6,50
12,6,52
6,10,2
43,44,51
11,6,47
29,23,18
33,38,43
41,34,23
38,31,33
31,19,38
22,7,47
44,43,45
36,38,42
29,15,19
44,27,38
31,38,24
43,48,24
45,15,51
49,29,44
6,11,9
33,38,37
6,47,9
32,37,23
48,16,23
23,19,27
10,6,2
26,44,21
12,37,5
10,6,52
39,31,15
43,30,51
2,6,44
32,42,16
44,30,37
24,43,15
15,12,52
53,15,49
18,23,47
37,47,19
37,17,52
26,21,29
41,34,23
42,47,32
38,47,31
13,7,26
26,21,29
44,28,53
37,24,47
49,44,20
6,0,47
46,52,44
32,34,38
16,23,18
50,53,52
38,15,46
48,27,24
43,24,27
16,18,46
39,31,49
27,23,30
53,37,27
46,43,19
21,37,17
10,6,44
6,52,36
12,52,47
43,17,53
29,23,52
51,43,53
46,23,47
46,23,47
31,38,23
8,4,7
49,44,37
23,18,19
7,52,15
46,47,38
0,9,46
43,15,19
0,3,9
15,21,23
35,20,38
23,19,38
34,32,23
12,6,52
36,38,30
48,23,20
23,21,37
11,6,9
4,8,6
22,34,23
30,15,17
26,13,5
21,15,47
51,53,15
41,32,34
26,10,38
43,44,52
15,47,49
8,9,4
1,13,6
20,19,24
53,21,52
11,6,47
40,45,24
5,12,26
36,10,31
43,27,53
19,15,43
34,18,23
31,33,38
23,30,34
44,45,31
16,23,18
49,30,47
20,15,28
38,43,47
33,31,38
37,24,21
37,23,20
1,6,3
37,46,21
42,34,47
20,27,42
39,42,38
26,12,37
50,12,52
43,25,37
21,23,19
52,12,37
29,47,37
37,41,23
16,27,22
48,27,31
36,6,19
9,6,5
53,49,47
13,47,1
14,46,52
23,44,43
2,3,37
41,38,31
34,37,32
48,17,45
33,31,38
52,29,12
53,15,47
44,43,37
46,30,37
12,19,21
0,6,46
33,38,37
41,20,51
13,1,47
53,15,23
24,17,43
53,21,15
41,23,30
45,48,27
36,44,19
37,20,41
50,52,47
10,6,9
14,23,52
15,53,27
24,53,47
38,47,37
38,47,37
15,53,31
36,52,47
43,44,24
41,34,23
23,38,34
15,53,30
15,17,53
41,30,27
16,23,18
12,47,53
36,43,13
16,23,34
49,52,44
27,23,19
12,9,6
18,49,23
26,21,17
30,27,32
53,23,15
6,9,31
40,44,19
51,20,43
32,37,47
26,10,38
26,29,21
34,32,37
49,37,23
16,37,34
23,41,25
15,37,27
3,6,7
42,49,53
53,47,15
4,8,14
12,47,37
33,2,11
7,13,1
2,26,5
11,10,23
18,23,37
0,6,2
7,22,52
38,24,23
32,37,30
7,52,47
36,31,19
49,37,47
15,23,37
41,34,23
35,53,38
26,10,38
30,29,49
6,2,11
22,23,34
53,27,22
0,9,6
8,4,6
0,9,6
38,37,33
29,37,30
36,23,44
44,19,20
3,7,5
20,19,47
49,33,38
5,2,1
21,51,53
49,53,31
41,53,22
43,17,30
51,43,19
42,47,23
6,3,47
48,43,49
29,47,44
37,38,43
26,21,29
43,53,27
53,20,49
2,3,13
37,30,23
22,34,18
11,6,47
52,37,53
33,38,34
41,34,23
2,9,12
15,49,42
38,31,44
12,50,46
50,52,53
9,2,3
19,23,30
36,39,44
53,24,20
32,37,18
14,19,52
16,23,37
41,52,6
24,15,43
39,31,42
42,39,31
20,39,40
20,37,27
44,20,43
23,20,19
19,44,21
18,23,38
45,51,15
2,3,9
10,6,36
20,44,19
32,37,47
43,37,15
15,48,53
36,31,44
45,49,15
51,43,23
50,27,12
34,23,18
17,20,30
10,6,37
42,47,39
7,3,1
53,31,30
53,36,30
26,30,37
43,15,37
36,19,39
27,20,24
42,47,39
53,15,43
23,32,40
37,31,30
10,6,37
48,27,24
0,6,9
50,53,52
21,49,37
8,4,42
20,37,8
50,15,52
53,52,47
19,46,23
4,8,11
27,48,44
2,3,47
24,15,21
2,9,26
39,31,38
38,37,15
12,53,15
40,44,45
18,23,37
11,4,3
29,47,30
46,37,30
47,43,24
8,4,41
27,23,37
24,19,20
8,24,23
29,37,44
45,20,51
12,50,52
46,23,21
8,4,52
53,28,17
45,43,51
35,31,46
40,20,24
7,3,28
22,23,47
50,12,52
9,0,47
53,29,37
13,5,9
19,23,44
45,15,44
41,31,3
47,27,46
23,44,19
21,51,47
31,19,44
15,21,20
20,19,38
16,37,27
14,1,3
18,23,16
9,10,6
7,28,13
53,15,17
20,38,30
21,15,19
18,23,19
10,6,11
23,47,15
22,23,27
42,49,47
5,12,13
10,6,52
43,24,20
5,12,17
32,37,47
34,37,30
8,4,10
47,49,43
5,12,37
33,27,38
29,37,47
17,21,24
27,23,30
49,53,15
23,18,30
15,53,19
52,7,3
29,12,41
22,34,41
22,23,37
47,46,37
19,53,46
4,8,6
19,15,23
27,23,47
19,31,49
46,49,42
23,6,37
33,38,47
2,9,3
32,37,34
36,19,39
3,6,52
0,47,37
50,12,52
36,53,47
1,6,53
0,9,53
43,45,44
11,10,3
41,37,22
51,43,23
52,49,29
47,23,15
53,49,21
15,17,45
49,53,31
11,10,47
43,52,53
48,17,24
39,31,38
5,12,37
4,8,0
13,7,44
44,27,24
34,16,23
8,4,30
3,6,0
26,29,30
29,30,37
15,6,24
15,44,50
39,49,40
4,8,6
45,53,25
25,15,40
37,43,38
27,37,20
23,44,43
45,17,14
37,47,21
44,30,43
34,23,37
44,41,30
38,31,47
32,37,47
14,52,49
6,52,47
19,43,37
4,8,6
7,1,52
26,21,17
37,52,17
26,44,17
26,29,17
30,27,15
42,39,38
42,47,53
23,38,44
22,47,23
40,42,23
21,23,37
18,23,37
50,52,12
7,1,27
11,47,44
8,4,45
53,52,46
21,15,19
49,23,19
42,47,39
13,15,52
19,15,44
9,12,53
36,43,38
19,43,30
18,34,23
10,6,46
35,15,38
18,23,29
15,19,38
18,49,23
24,27,15
53,45,49
34,16,23
28,29,49
41,34,23
33,38,47
16,37,34
12,6,29
39,31,49
43,15,30
0,9,6
24,20,23
7,47,53
53,27,23
17,53,52
48,49,18
24,30,19
3,6,2
23,9,20
29,19,12
38,31,35
45,44,51
53,42,49
1,7,13
25,24,15
3,6,0
39,31,40
25,15,18
39,40,36
53,15,21
30,20,44
6,4,47
1,3,47
26,21,30
37,44,12
26,17,29
17,43,29
51,48,27
26,12,44
32,31,30
35,38,15
50,15,52
26,37,21
11,9,10
37,27,21
24,20,30
43,48,30
6,50,47
46,47,38
27,23,24
32,37,23
36,27,42
13,12,29
33,38,23
1,52,7
28,44,37
39,31,49
45,44,47
18,23,29
11,6,10
45,20,15
0,12,9
29,14,47
40,45,44
25,15,24
18,49,23
17,23,44
28,17,47
36,31,39
17,15,53
38,31,47
27,37,44
43,47,52
9,2,7
8,4,6
53,43,21
39,31,38
32,37,34
34,23,22
9,0,6
20,23,15
16,23,18
23,37,44
19,20,44
30,34,23
5,13,44
2,37,6
47,39,36
12,38,37
25,15,40
30,47,19
36,44,23
4,8,11
13,1,5
45,44,24
23,49,20
38,23,18
41,34,22
39,41,19
14,53,52
44,19,30
44,53,15
5,12,2
28,21,27
44,15,47
53,21,37
42,21,27
3,1,6
15,44,43
51,43,17
31,38,19
19,44,27
37,47,53
51,17,48
0,9,6
27,18,23
52,14,47
2,9,5
33,38,23
36,44,19
38,29,49
23,15,21
3,2,26
11,4,47
26,17,44
43,21,30
20,43,49
16,44,23
32,23,16
9,0,46
7,1,13
1,14,52
43,19,24
30,23,38
43,37,21
4,8,52
2,9,26
42,47,36
12,23,44
53,51,43
15,21,27
10,6,28
40,38,31
38,31,47
47,27,30
8,4,45
3,6,2
4,8,11
14,52,47
24,15,49
45,43,15
1,37,17
29,30,44
43,53,23
43,14,15
32,37,34
51,44,19
35,38,33
29,44,47
23,15,53
1,52,47
19,24,37
16,23,18
46,49,53
48,15,53
7,47,6
15,20,18
31,38,27
9,0,23
8,4,30
15,24,17
47,53,12
30,42,20
49,38,47
0,9,2
33,38,37
30,34,37
28,15,44
37,38,21
19,23,31
52,53,12
32,23,34
8,4,53
36,19,27
12,5,13
35,38,33
25,18,15
44,24,43
11,4,47
22,23,15
8,4,44
36,44,19
32,34,41
43,38,20
16,34,23
37,21,53
37,21,47
28,21,17
2,26,3
9,6,2
53,17,38
27,38,33
6,52,37
16,23,18
53,49,27
5,12,26
53,15,21
33,31,38
44,43,37
37,15,10
15,45,49
25,18,23
0,6,9
0,6,9
32,37,30
35,38,33
4,8,24
15,17,23
21,23,44
16,18,21
1,3,52
35,38,31
18,49,53
46,52,29
41,21,23
29,15,30
6,9,37
6,50,49
23,47,37
22,23,37
6,2,10
24,20,43
6,47,49
22,19,23
39,31,47
49,24,37
52,44,6
26,30,21
25,18,44
27,34,30
23,34,22
3,6,46
30,27,31
5,3,52
11,4,47
30,8,44
27,24,47
21,23,19
0,6,9
1,47,13
30,33,23
23,22,37
41,44,38
31,38,24
39,36,31
35,38,33
37,47,21
19,44,23
11,10,23
38,20,31
45,51,53
23,40,19
37,24,29
0,6,2
34,16,37
49,20,44
19,37,28
7,15,23
42,19,38
6,46,47
19,43,15
53,21,46
2,3,9
14,53,42
36,51,38
37,30,23
41,17,21
45,44,51
40,49,31
31,49,47
50,12,52
15,20,45
42,44,47
46,24,19
51,45,44
28,19,37
9,53,37
52,17,37
13,7,1
47,30,52
21,15,46
2,9,5
47,43,21
38,43,31
16,34,37
13,9,5
33,23,24
48,15,49
50,52,12
47,42,36
9,6,1
45,44,24
15,37,44
4,8,11
9,0,2
38,23,42
39,42,36
0,6,9
5,12,37
32,37,23
27,23,34
27,38,20
15,31,47
23,20,37
0,6,46
37,30,16
47,15,53
30,19,23
5,12,17
33,31,37
39,49,31
24,49,38
39,31,36
14,3,37
49,47,38
20,23,31
53,15,47
39,33,38
41,49,23
39,31,49
23,43,44
15,53,24
10,6,0
50,12,52
27,24,45
35,38,33
35,38,19
50,47,52
46,47,38
53,49,24
38,32,49
2,26,13
35,31,38
50,12,52
18,23,22
5,26,12
32,37,30
53,21,24
0,6,9
15,53,37
46,49,37
29,26,37
31,23,19
42,49,47
8,4,30
37,17,49
37,49,20
7,37,20
44,53,52
22,23,37
43,49,53
7,28,30
45,43,25
21,49,47
35,38,33
12,38,37
38,31,42
16,23,18
29,47,30
12,11,5
18,23,37
4,11,8
42,47,39
19,23,37
26,21,29
37,47,32
10,6,28
29,30,37
24,27,23
1,7,47
11,3,47
8,48,31
52,12,38
50,12,47
48,27,30
13,1,7
15,47,19
12,5,13
8,4,37
30,41,21
34,37,23
5,13,2
13,43,46
35,38,33
48,44,27
49,48,23
14,17,47
43,23,44
48,45,53
43,24,44
43,51,53
5,12,47
3,6,10
35,27,38
7,3,1
28,15,47
40,20,43
49,23,24
44,47,19
25,15,40
20,34,19
19,18,23
47,15,44
42,53,15
20,44,19
36,39,24
24,30,37
41,23,49
45,40,20
1,7,13
53,49,42
39,38,24
20,49,50
19,43,20
36,6,44
23,34,30
10,52,47
4,38,30
35,38,31
7,1,13
35,38,33
9,2,6
45,53,15
7,15,28
22,23,34
6,46,2
36,23,44
14,4,3
27,23,38
27,43,44
19,49,31
45,44,51
2,26,3
43,49,15
23,37,46
27,23,38
18,23,27
21,53,31
37,33,38
32,23,34
4,11,8
41,34,22
16,23,18
32,37,34
20,19,22
16,23,34
38,17,29
28,15,53
0,6,9
30,47,16
8,1,47
43,24,14
5,12,13
6,9,47
34,23,16
36,43,19
44,23,19
52,50,46
16,23,18
45,44,20
19,31,40
2,9,3
37,47,30
41,24,31
19,44,49
19,15,23
7,28,3
35,27,15
13,9,2
6,47,8
53,15,38
24,52,47
49,15,43
45,44,24
44,30,37
4,8,30
10,6,1
10,6,2
4,8,6
8,4,30
24,15,27
19,23,38
49,22,47
44,17,15
42,47,49
47,38,17
47,14,6
10,6,9
37,28,19
53,30,21
52,6,17
40,15,44
0,9,2
35,38,47
21,47,23
4,8,11
37,24,17
32,37,30
24,44,47
35,38,33
19,23,24
3,9,2
20,31,43
24,44,23
52,46,47
52,14,47
46,32,23
33,38,27
52,50,44
44,24,19
5,12,37
24,15,27
43,38,19
29,23,47
16,37,34
24,19,44
22,34,41
5,13,40
50,15,52
38,19,23
12,52,50
53,47,49
40,48,38
23,32,30
19,53,32
37,30,49
7,3,28
28,46,21
15,20,21
12,29,26
33,19,16
44,27,48
49,23,53
40,44,23
32,16,34
38,51,30
1,52,30
14,52,46
26,46,19
50,27,15
12,52,21
25,44,21
48,44,15
50,12,52
13,2,9
2,3,9
3,14,46
1,11,6
53,27,31
7,1,42
31,38,19
9,0,2
8,52,4
49,51,37
5,12,13
26,21,17
39,49,31
50,12,52
23,18,37
53,38,49
21,37,30
53,37,21
3,6,46
36,53,15
7,28,3
43,53,15
34,37,30
34,47,32
6,36,31
10,6,36
13,1,14
16,23,34
24,15,48
14,52,0
42,39,49
44,30,19
28,44,19
11,12,5
25,44,21
31,38,30
52,12,47
23,24,33
27,52,53
42,38,49
15,44,30
8,4,52
53,49,47
22,23,37
17,37,44
9,6,0
31,24,23
51,53,45
12,32,37
44,23,43
2,3,9
5,26,12
9,0,6
16,23,22
35,44,38
45,51,24
18,29,27
44,53,51
21,37,46
43,44,15
38,23,27
37,17,23
7,21,15
2,3,6
36,19,23
42,47,49
13,7,44
7,52,47
44,27,21
15,47,19
43,23,49
26,44,17
53,49,24
30,31,23
1,13,37
53,42,15
53,15,27
4,8,47
23,18,44
53,15,47
44,23,47
2,47,6
14,1,3
42,47,23
3,47,52
10,6,47
13,1,5
23,47,19
40,24,51
2,6,9
48,15,19
2,9,3
10,6,37
36,38,31
16,23,18
50,53,15
53,12,49
10,6,11
5,26,17
0,6,4
53,19,17
34,23,30
34,32,38
13,7,15
12,52,47
10,6,11
13,7,1
14,6,46
15,38,39
29,37,24
39,19,31
3,14,6
51,44,17
14,5,52
22,23,18
31,30,44
2,3,9
16,23,34
49,47,44
25,44,15
37,23,20
47,23,21
9,42,53
35,38,33
23,33,19
36,44,19
7,1,3
43,44,37
42,39,38
0,6,9
30,44,43
47,9,29
51,43,19
25,15,53
21,53,27
51,45,15
12,50,30
37,23,30
22,23,37
52,5,6
42,47,49
36,44,31
53,52,15
24,37,2
27,23,38
22,23,37
52,21,17
41,34,22
26,34,44
20,53,21
4,8,11
15,43,23
37,32,47
37,29,17
43,19,27
25,40,18
13,1,52
2,9,3
42,39,31
45,30,37
39,31,49
27,23,15
19,42,38
17,52,21
47,37,30
9,0,6
37,21,49
2,52,6
11,9,47
29,15,30
21,15,17
44,43,24
36,47,15
14,3,47
38,30,47
26,10,38
11,3,47
23,37,38
48,15,19
43,23,44
41,22,34
6,9,47
51,43,47
12,38,37
43,15,47
43,37,44
20,44,23
15,49,44
6,37,44
15,53,29
37,20,21
10,6,2
30,15,51
22,23,37
6,0,47
8,4,30
43,15,51
46,53,47
4,8,30
18,23,37
44,29,52
8,4,30
41,31,27
24,51,52
34,24,32
6,2,37
9,49,0
43,44,53
53,51,43
34,16,19
7,52,47
39,49,43
52,28,17
29,19,44
27,23,38
28,15,19
32,23,30
53,17,23
53,52,50
10,6,47
32,37,34
51,53,43
31,12,3
25,44,21
24,43,19
8,47,51
9,6,0
7,44,12
51,15,48
31,44,37
7,37,1
23,43,18
13,7,44
37,23,47
19,51,43
49,43,44
16,46,37
27,23,44
36,44,42
11,9,4
35,38,27
25,18,15
0,6,9
28,52,15
39,20,47
42,47,49
29,21,23
6,1,47
16,34,37
46,53,47
20,18,37
41,34,23
34,30,23
45,53,44
32,38,23
53,27,21
37,29,12
51,15,44
52,12,49
34,49,44
6,47,52
14,52,30
15,19,30
0,9,6
1,7,6
22,23,37
49,23,51
34,41,23
29,21,30
53,20,21
43,30,24
42,39,31
28,37,44
3,2,6
18,23,34
0,6,9
33,28,38
4,8,11
24,43,37
44,15,17
21,23,20
43,41,49
36,39,37
36,39,31
9,2,6
53,46,37
53,46,47
3,2,47
38,19,30
48,24,31
16,23,37
22,23,34
7,6,52
38,49,37
51,43,48
18,23,37
1,7,14
32,37,47
1,7,47
43,19,21
31,38,23
38,33,23
26,44,12
25,7,22
24,23,41
12,52,21
29,30,47
29,17,53
42,47,32
39,49,31
36,21,2
52,37,15
41,34,22
20,44,30
11,47,12
51,23,44
13,7,28
50,52,46
44,20,30
49,53,37
24,49,43
8,52,44
30,23,37
15,51,27
43,49,15
28,52,15
42,38,37
41,47,34
23,51,27
25,44,40
33,38,47
45,15,53
24,31,37
52,14,53
17,20,37
37,49,32
39,31,38
38,19,30
10,6,0
37,15,27
40,45,43
2,9,3
44,37,21
23,18,19
44,31,30
1,7,6
35,31,15
40,39,20
32,16,34
2,9,47
53,15,48
15,51,46
36,43,44
5,12,13
53,49,15
44,24,37
31,38,47
15,49,31
8,4,30
42,38,49
39,31,42
38,15,31
37,51,21
48,44,24
44,20,19
7,15,23
30,34,23
46,37,47
34,37,23
19,15,21
29,37,47
6,11,2
43,15,37
46,34,23
31,35,38
26,5,13
29,17,12
9,0,6
41,19,2
19,30,15
0,6,9
48,44,13
9,0,6
18,34,23
9,0,6
34,16,23
43,19,49
32,47,37
48,27,24
26,21,17
5,12,37
49,39,38
19,15,30
47,17,21
28,49,47
28,19,26
12,20,53
0,9,6
23,47,17
16,23,18
53,1,29
0,9,6
44,15,47
51,44,43
47,24,37
9,0,6
22,23,18
4,8,11
36,39,19
27,23,19
19,30,23
44,19,51
18,23,47
45,51,43
9,0,2
13,44,40
8,4,52
43,47,27
28,21,30
12,52,44
20,19,38
17,31,47
28,23,44
51,34,23
2,3,9
24,6,17
19,34,23
35,38,33
25,24,15
6,47,9
20,24,23
36,19,23
26,44,30
5,11,47
3,53,37
43,44,30
34,37,32
32,37,34
49,17,47
23,47,38
17,37,44
48,37,20
26,44,29
46,34,38
53,37,34
53,47,49
38,20,23
6,52,36
39,31,44
50,12,29
24,49,44
3,6,46
46,32,22
37,12,21
43,53,24
46,53,52
0,9,6
43,51,27
9,2,3
10,6,49
15,40,4
36,10,6
3,6,1
18,49,24
39,38,44
48,15,53
27,23,34
37,21,26
12,37,30
3,6,1
52,46,40
15,37,43
6,4,11
0,6,9
40,24,20
19,15,23
35,27,38
14,52,30
27,37,47
14,52,47
25,14,15
31,44,23
28,53,44
36,6,44
39,31,38
2,37,6
15,45,40
39,49,42
43,44,48
46,37,47
47,30,46
38,32,34
29,50,37
31,37,38
7,3,28
14,46,52
13,9,5
15,17,44
48,6,49
32,42,47
27,23,38
11,47,9
14,53,3
48,24,49
34,32,37
2,5,13
12,23,24
37,31,47
51,44,45
10,6,3
31,20,19
52,37,47
19,27,31
3,22,2
26,17,19
23,19,18
11,47,6
23,44,20
9,1,6
34,22,41
18,37,23
16,23,18
45,30,27
10,6,11
22,23,37
32,42,37
14,52,47
7,1,3
48,45,27
38,35,27
27,43,23
13,1,47
8,37,21
15,24,49
23,21,20
20,23,31
35,15,43
35,38,33
48,27,30
26,17,52
0,6,9
8,6,52
18,23,16
13,5,7
21,43,37
26,21,44
47,37,23
31,38,47
48,45,27
38,19,21
36,19,39
34,23,30
47,37,17
10,6,50
43,15,20
10,6,36
49,53,21
19,24,30
27,23,37
25,44,21
18,23,37
9,0,6
6,3,49
19,15,29
40,20,44
19,31,21
23,46,47
14,52,53
4,30,1
52,15,49
23,19,49
25,38,19
19,53,15
51,43,47
19,31,38
45,43,19
52,31,6
8,4,30
19,23,27
37,20,23
43,15,53
39,38,49
38,33,31
32,37,34
8,4,30
45,44,43
3,1,6
37,44,21
29,53,15
28,15,19
35,38,33
36,34,42
23,49,21
22,34,41
33,49,38
23,21,51
7,52,1
6,9,2
15,53,21
50,12,52
11,4,8
22,18,34
1,7,47
51,27,45
31,38,20
23,15,47
48,44,15
12,27,38
48,27,31
50,52,12
40,43,44
18,22,23
27,37,20
5,12,37
29,51,37
26,12,21
5,12,13
41,42,32
50,12,47
6,50,12
23,37,18
10,6,9
53,15,12
19,23,47
21,37,53
17,24,15
30,49,46
28,21,52
34,16,23
18,22,23
27,44,23
7,1,49
38,15,31
27,38,33
19,44,23
45,15,53
51,43,48
43,49,41
25,18,24
46,21,37
9,11,0
24,19,47
19,15,44
51,19,23
52,49,51
52,14,50
39,49,47
33,38,47
50,52,15
12,50,52
18,22,23
38,33,27
28,15,49
15,44,20
31,38,37
35,27,53
23,18,19
45,48,53
31,39,47
16,23,18
37,23,27
53,15,17
20,24,19
28,15,53
43,44,27
10,6,1
44,50,52
53,21,23
7,3,1
42,47,49
1,7,13
53,15,21
53,31,48
22,34,41
5,9,2
7,1,45
33,38,37
31,38,47
14,52,46
41,34,37
5,12,17
47,15,53
27,15,37
53,42,21
1,7,37
20,44,43
18,23,22
52,38,15
2,12,5
47,18,23
48,24,19
10,6,40
33,38,23
49,53,47
20,23,27
6,2,11
24,19,27
5,12,37
52,47,44
50,12,52
19,21,23
11,10,35
16,37,34
53,47,38
7,3,28
31,38,35
42,47,41
9,0,6
30,27,37
47,53,37
2,5,26
23,34,16
23,18,34
7,28,47
8,4,10
8,47,51
32,47,37
19,44,51
41,21,37
21,53,29
37,47,21
28,15,53
16,27,53
16,34,23
19,27,44
36,44,19
7,1,52
34,37,32
49,15,19
11,3,47
3,2,26
52,12,6
10,6,50
12,52,53
32,34,23
43,15,24
7,52,20
52,47,18
9,6,46
20,23,43
27,23,30
35,19,38
49,53,47
50,15,52
43,53,47
14,52,46
35,38,31
12,31,47
19,31,47
9,0,6
49,52,15
7,38,37
27,23,24
5,2,9
31,30,12
5,12,17
36,44,31
13,1,5
2,6,3
36,53,47
42,47,39
8,4,30
49,38,23
38,47,44
40,31,38
9,0,23
45,20,44
32,42,47
51,43,31
36,19,27
6,12,52
16,37,34
8,4,30
52,14,50
37,27,52
28,19,49
24,43,44
42,47,39
2,3,6
33,38,47
2,9,5
23,19,30
11,1,4
2,26,5
37,32,23
25,27,31
9,53,10
53,15,45
11,3,47
22,23,34
14,6,52
34,17,37
24,17,15
48,52,49
53,49,43
3,1,7
43,44,15
0,6,46
50,52,12
29,53,30
8,4,6
50,15,52
40,43,20
25,15,21
6,9,2
18,49,23
38,31,27
51,45,43
7,52,47
22,23,37
12,37,29
19,38,15
30,15,38
36,44,23
53,43,24
41,31,30
6,47,52
43,40,51
41,29,15
24,22,44
20,38,15
1,13,47
17,27,44
7,15,24
26,12,21
47,46,52
30,21,41
19,44,15
1,47,37
50,52,6
7,27,22
37,27,16
0,9,6
53,38,47
42,47,52
52,3,49
27,48,24
21,37,47
53,27,20
42,47,38
8,4,6
53,42,47
20,19,44
33,38,37
6,38,53
24,43,23
45,51,43
37,21,49
22,23,16
24,47,23
46,47,38
19,37,47
15,31,53
1,6,13
24,19,31
47,23,38
12,20,15
27,53,49
43,53,44
10,6,47
51,15,17
30,34,37
43,37,44
12,37,47
12,29,44
52,17,21
40,33,44
24,48,45
20,37,30
43,24,30
23,30,44
51,15,43
13,26,5
11,10,3
8,4,6
36,19,44
11,9,10
45,24,20
13,7,5
41,34,37
53,52,27
37,23,24
39,31,37
53,12,31
35,27,33
43,44,53
53,15,20
35,15,49
37,29,21
14,52,47
27,23,38
40,20,24
15,53,52
2,3,26
39,47,49
34,16,23
28,44,19
32,47,37
44,53,24
49,23,38
24,19,27
48,45,46
50,52,12
46,47,38
31,25,15
2,3,26
53,37,45
20,53,47
6,47,52
32,37,34
9,6,46
26,44,21
12,52,37
37,15,23
12,35,31
37,38,49
30,49,38
17,47,53
38,23,31
34,23,16
11,10,3
19,30,37
10,6,2
1,7,3
12,52,38
8,4,52
42,47,32
44,38,40
7,15,23
49,30,37
15,17,24
8,4,30
43,20,15
50,15,52
0,6,9
40,43,19
26,21,29
48,23,18
3,6,46
37,21,12
33,31,19
11,3,12
39,47,31
40,36,44
3,14,6
32,37,47
34,16,37
0,9,6
41,30,27
52,14,30
29,30,15
35,27,31
25,18,44
29,53,15
37,47,32
26,29,17
37,27,53
34,16,30
53,49,15
33,38,31
34,18,23
44,21,17
32,47,37
52,30,29
24,20,23
35,38,33
43,53,51
37,38,19
2,3,26
15,47,43
35,38,27
19,27,23
16,23,18
8,30,4
36,19,44
31,36,21
38,31,33
14,52,6
40,36,19
38,31,37
11,1,47
8,4,12
27,24,38
16,23,30
34,23,44
23,47,18
11,3,47
53,23,24
5,2,1
24,49,17
0,9,27
53,30,52
38,19,23
45,44,24
31,38,37
18,34,23
12,37,29
38,39,43
53,20,15
3,2,7
43,44,15
42,39,40
30,37,34
8,4,47
36,44,23
35,38,33
41,17,27
44,27,24
4,30,8
38,20,24
14,30,52
11,4,3
27,23,20
26,21,29
11,47,6
1,13,7
25,44,21
25,44,21
9,0,53
11,10,23
13,5,9
53,52,49
42,36,48
37,21,47
34,23,22
4,8,11
28,23,19
53,31,40
26,21,29
7,37,38
42,38,49
12,52,47
39,31,38
49,53,15
42,46,47
26,37,43
44,30,23
0,6,9
38,37,31
28,20,44
7,4,1
49,15,24
34,16,23
46,23,47
6,44,3
38,17,52
43,51,48
53,30,43
44,15,19
30,43,27
43,53,49
12,32,52
13,44,1
35,31,38
47,53,37
1,4,6
4,8,47
34,47,41
6,15,37
43,15,30
1,7,37
8,4,47
35,38,43
13,7,5
35,27,38
9,0,6
45,44,20
43,37,30
31,38,37
11,47,3
37,47,30
26,44,21
17,49,52
45,44,20
52,3,17
27,44,43
35,38,33
8,17,52
39,31,8
16,23,34
43,53,49
34,41,47
33,38,37
37,47,19
43,27,20
3,6,46
43,41,53
11,12,52
53,15,24
35,38,33
4,11,12
11,3,47
43,27,23
37,43,44
18,23,22
9,2,3
45,43,44
16,23,18
19,43,37
23,18,29
35,38,27
18,23,37
6,10,19
44,43,19
5,2,1
11,6,47
17,43,37
20,19,27
23,20,27
43,20,53
29,8,52
44,45,20
31,24,19
30,29,43
8,52,50
12,50,52
29,49,30
14,53,47
16,23,18
43,30,24
53,43,23
24,37,44
40,15,53
25,15,21
9,11,6
26,44,12
52,53,50
14,4,6
25,44,21
37,38,47
44,51,30
16,23,18
42,39,48
50,12,53
23,38,20
34,16,37
19,24,20
23,19,31
26,21,17
31,27,19
22,34,23
23,44,47
40,45,36
37,24,20
3,6,1
22,23,30
9,6,0
21,15,23
13,26,7
6,2,46
1,7,47
4,8,52
53,46,21
22,23,27
24,27,25
31,49,19
11,47,3
24,19,30
12,53,18
3,6,47
36,39,47
15,44,52
28,23,19
12,52,21
22,34,23
51,53,43
14,52,49
3,0,6
44,21,37
49,15,38
16,27,23
16,23,34
37,20,47
43,15,44
40,15,44
32,41,23
19,23,24
46,21,29
29,17,47
25,15,40
42,39,47
23,34,37
25,44,15
23,20,53
32,30,23
32,47,38
53,52,49
21,44,37
24,30,44
49,17,47
53,37,47
48,15,49
23,40,19
16,23,18
43,21,47
20,43,44
42,47,38
38,49,43
39,49,31
37,17,43
31,38,47
16,34,23
49,27,19
53,27,31
50,52,12
36,44,19
37,23,41
6,46,31
38,47,37
19,43,20
53,52,49
5,12,21
20,38,43
24,49,38
53,38,43
11,47,6
36,24,49
40,15,44
22,19,23
4,8,44
5,12,37
21,19,44
53,15,21
30,31,27
0,9,6
35,38,33
10,6,11
26,17,29
33,38,19
27,43,38
39,31,47
31,39,40
28,15,44
7,47,6
42,20,44
46,37,31
2,5,13
9,0,23
43,19,27
6,38,47
30,49,24
7,3,28
21,43,49
1,7,47
2,5,13
4,8,6
48,45,51
4,8,52
20,9,19
34,16,32
43,45,20
50,15,52
18,23,37
35,38,33
53,52,47
19,23,44
53,31,47
8,4,30
36,47,26
45,15,44
50,52,15
53,17,47
53,52,47
33,38,37
18,49,23
26,29,44
11,3,47
12,32,52
30,27,23
0,6,9
39,33,27
24,23,19
14,52,47
33,38,37
43,51,27
31,38,37
29,12,37
27,21,15
52,53,17
30,34,23
39,23,49
2,9,3
25,15,44
37,44,27
47,23,19
45,44,40
38,43,27
33,38,43
44,51,49
20,37,47
53,49,27
53,52,46
15,51,43
6,9,3
6,17,52
11,47,12
11,47,3
8,4,29
18,22,49
33,38,31
53,15,49
41,20,53
44,20,43
23,46,16
26,10,38
9,6,0
39,49,40
1,7,13
25,18,15
15,31,38
53,47,52
8,52,6
10,6,11
41,7,1
28,52,21
41,47,15
35,27,49
5,2,6
49,38,31
18,23,37
49,42,53
52,50,12
52,50,53
32,16,31
37,30,47
6,3,1
23,30,49
20,17,47
33,38,37
52,53,49
48,44,27
34,30,37
4,8,11
35,38,43
11,3,47
37,6,52
1,22,7
25,15,40
37,38,30
24,17,37
18,23,16
34,32,37
10,6,0
21,27,19
34,37,23
6,21,47
39,49,38
6,1,3
38,30,37
38,39,32
53,15,37
22,23,37
43,37,15
40,45,44
10,6,11
43,51,27
29,17,15
42,47,39
2,3,26
44,30,25
52,12,15
19,20,53
23,47,37
50,52,15
47,49,38
11,47,3
8,30,24
15,38,20
7,22,27
4,8,52
12,47,44
43,53,24
4,11,8
47,15,38
44,23,21
13,7,1
33,38,47
49,24,48
18,23,49
52,14,51
11,10,3
33,38,35
53,32,47
35,38,42
45,44,20
20,42,39
18,23,37
12,47,6
12,52,6
42,47,31
18,23,49
11,10,6
0,6,9
17,37,23
21,19,24
3,14,6
23,37,21
14,3,6
22,23,37
20,49,53
24,37,19
35,38,47
45,20,44
46,14,47
23,34,37
6,52,1
32,37,30
52,37,12
41,34,23
53,49,30
13,5,1
49,53,44
2,3,9
15,52,53
19,23,49
34,16,37
1,43,47
40,44,30
53,42,17
12,38,44
1,32,37
45,20,44
48,40,15
7,1,47
2,3,9
48,44,15
47,19,31
22,7,41
8,6,4
39,31,38
43,24,48
27,38,33
0,6,9
27,15,23
20,31,53
0,9,12
17,47,37
4,8,52
53,47,15
9,47,21
53,15,31
31,15,38
35,38,33
9,0,6
14,3,21
9,2,0
27,12,17
1,3,13
16,23,18
2,3,9
42,38,39
20,30,27
10,6,2
41,20,31
36,23,31
35,15,27
6,9,53
45,51,24
34,23,37
4,8,17
16,23,18
8,4,30
6,10,47
44,15,19
23,27,34
51,27,45
43,19,47
11,9,47
6,3,9
1,7,28
44,37,19
2,3,6
34,37,32
15,49,44
39,38,20
2,38,24
43,15,44
41,30,23
29,49,17
47,23,21
28,37,17
42,39,47
3,14,46
34,23,16
37,18,23
47,53,30
15,43,49
22,23,20
30,19,39
29,17,26
14,53,52
33,38,27
39,31,38
47,27,53
27,24,53
8,30,45
34,37,16
0,6,9
24,17,37
28,50,53
8,4,31
23,19,30
23,18,47
16,23,18
41,34,22
6,12,3
22,23,37
22,23,34
11,3,47
32,37,34
23,30,21
50,52,21
49,43,21
27,17,15
40,15,53
50,9,53
36,19,39
53,21,44
38,33,49
6,1,9
43,12,15
42,37,46
46,47,38
29,15,47
2,6,9
1,13,7
23,18,37
34,30,47
18,23,44
24,49,31
51,48,53
5,13,12
30,31,27
27,53,15
15,24,42
25,40,44
7,28,12
38,33,31
31,15,20
10,6,9
47,39,20
52,47,12
25,18,44
22,23,53
39,47,42
53,15,20
52,17,21
1,3,6
43,44,48
14,52,53
43,19,27
40,53,31
40,44,53
13,47,14
2,9,6
20,19,27
6,3,37
24,19,31
14,6,44
19,44,24
53,12,52
29,37,12
29,37,12
53,15,50
24,19,44
37,43,15
11,10,47
39,31,42
2,3,9
25,15,23
31,38,34
18,23,49
8,4,27
19,44,40
6,10,14
1,7,47
32,42,47
38,23,48
15,47,53
5,2,26
46,47,38
13,7,44
33,38,30
22,23,34
3,14,7
20,31,19
49,53,52
5,12,17
38,23,24
50,41,37
52,50,53
25,44,40
53,47,15
45,44,20
41,44,38
47,52,7
30,34,27
1,13,52
43,23,44
42,47,39
27,31,8
32,37,47
19,43,31
19,23,24
21,43,15
24,50,23
48,15,27
44,51,45
28,44,43
49,15,47
48,44,28
36,19,15
11,3,47
48,27,49
29,50,52
19,37,27
7,12,20
37,47,15
15,51,47
18,49,23
21,49,43
51,45,15
6,32,41
28,23,47
20,23,27
9,6,2
45,48,51
43,44,15
2,9,5
44,20,43
22,23,37
23,19,21
22,47,34
2,3,6
39,31,19
37,20,23
51,45,53
13,7,44
19,24,49
44,43,19
15,47,43
32,23,34
1,52,8
33,38,47
14,46,52
8,4,30
49,29,47
21,52,36
1,37,6
3,6,46
25,40,15
36,19,31
17,37,44
47,31,49
28,15,43
15,53,44
53,44,15
25,44,15
25,18,21
6,3,0
15,53,21
48,38,23
15,42,50
3,6,47
37,43,23
0,9,6
26,21,29
23,38,49
10,9,6
27,23,30
11,12,47
52,29,15
6,10,2
53,20,52
31,44,47
5,17,21
7,15,28
23,47,34
27,23,30
17,38,30
11,4,8
22,23,37
37,23,34
31,36,41
39,31,38
24,17,38
3,14,46
35,38,33
5,50,6
26,21,12
42,47,41
47,52,37
13,7,1
11,10,3
7,13,3
24,15,27
23,44,19
25,15,44
4,8,6
18,22,21
12,6,52
39,31,42
33,38,37
11,6,47
36,52,49
2,37,47
39,38,44
12,47,39
37,19,38
11,3,12
30,47,49
7,28,13
31,38,37
38,31,37
6,8,47
8,4,27
21,53,15
43,19,51
38,33,47
53,49,21
49,6,51
42,47,38
0,9,6
17,6,29
17,52,37
8,4,6
4,6,36
51,44,43
47,53,49
43,24,49
14,52,17
14,30,52
46,38,27
40,44,39
29,47,41
46,47,38
18,22,17
20,15,21
29,50,18
15,24,49
44,30,38
52,47,46
50,45,53
44,30,18
21,15,23
17,37,24
16,23,34
53,51,15
11,3,47
38,31,40
23,38,39
18,23,19
14,6,3
5,12,37
50,15,52
52,37,49
21,43,20
5,30,26
30,15,27
6,3,52
18,49,23
27,30,20
40,31,46
14,52,47
24,8,43
24,40,19
13,1,37
26,17,29
43,21,15
36,6,39
29,49,47
47,7,52
21,37,24
46,12,50
8,52,6
53,29,21
15,53,44
1,13,7
10,9,6
0,6,9
3,1,47
7,15,23
1,7,47
11,6,47
14,4,37
43,51,15
41,29,20
11,47,3
42,47,39
22,23,16
0,46,6
26,21,29
4,8,17
25,44,21
37,53,15
18,49,22
51,17,15
18,23,34
33,38,47
43,44,31
23,47,15
39,38,31
15,53,37
43,37,19
6,3,9
2,1,26
45,48,44
20,15,43
7,1,15
53,31,20
10,6,11
38,29,37
27,23,15
53,15,47
23,37,41
45,49,53
53,9,43
38,33,47
19,23,30
48,27,24
46,24,19
23,37,47
7,3,28
45,40,43
7,6,17
39,38,31
52,50,15
12,32,31
21,43,20
15,52,47
18,34,23
39,31,44
24,43,30
23,30,38
20,29,44
7,6,17
36,19,44
23,34,46
38,47,19
19,37,51
26,29,21
37,27,20
2,9,6
9,3,1
29,15,33
52,53,14
53,51,43
37,20,30
52,46,10
26,15,30
12,47,52
1,17,37
24,15,53
41,34,21
1,3,7
23,34,37
9,6,2
46,12,24
13,5,2
20,30,37
15,51,47
7,1,47
39,31,38
22,23,16
15,33,44
7,1,6
15,39,19
19,20,23
23,43,47
51,43,41
43,20,27
43,15,44
39,31,47
26,44,12
14,3,21
23,21,37
16,23,18
17,50,29
43,49,21
15,47,49
27,23,44
0,6,46
0,4,6
41,30,23
51,43,38
20,27,43
9,6,0
9,6,47
14,7,47
18,23,16
33,47,38
29,23,30
18,23,37
32,37,47
37,46,44
50,51,44
24,27,43
15,29,49
20,15,51
1,28,47
5,12,37
53,52,15
21,37,49
53,28,23
24,15,21
29,50,21
36,42,47
27,53,17
50,52,12
4,11,8
41,44,30
12,30,15
36,42,53
30,28,15
38,31,47
12,52,47
22,23,37
6,3,2
23,53,39
44,30,51
23,30,15
8,30,20
29,30,37
19,23,15
20,21,17
16,23,30
34,42,47
44,30,20
37,44,20
34,16,31
53,9,38
5,12,3
28,17,21
7,28,47
10,53,6
30,17,43
23,19,44
18,49,53
33,38,37
51,23,27
41,22,47
24,44,23
4,8,52
23,19,37
53,52,49
38,19,30
52,50,53
0,9,6
30,37,8
2,3,9
42,39,47
28,52,37
39,31,38
25,18,23
37,17,19
52,50,53
47,31,19
33,19,42
27,20,15
50,29,37
7,53,4
23,18,34
5,12,37
53,49,31
17,37,29
4,53,52
10,11,6
26,21,29
8,52,6
5,30,17
7,13,44
52,44,30
37,52,43
2,9,3
6,52,47
18,22,49
43,51,53
47,21,37
52,53,14
38,33,47
26,21,29
7,13,4
48,24,6
32,31,27
49,47,17
1,13,7
37,17,19
6,14,47
37,47,29
8,52,4
30,38,19
36,19,44
11,12,1
50,15,52
23,18,24
8,6,52
44,47,21
19,44,23
43,31,15
37,23,47
52,12,47
52,47,1
19,15,39
23,24,44
40,20,15
49,31,38
48,6,44
34,23,16
39,31,49
7,22,27
18,22,23
3,6,1
13,48,26
26,1,44
26,15,23
41,31,53
49,19,38
50,29,53
1,7,13
11,3,6
36,37,49
30,49,31
1,37,23
32,41,34
11,3,47
23,37,41
7,1,47
4,8,38
11,9,10
6,2,10
19,36,44
40,38,44
37,47,32
42,47,49
10,6,47
52,53,47
0,9,2
3,6,52
14,50,52
52,47,49
15,48,45
9,53,19
45,44,30
36,23,44
15,24,49
51,43,27
29,33,37
35,38,33
53,52,49
32,37,34
49,53,52
40,45,31
50,17,27
36,31,42
29,52,50
32,37,47
13,1,7
44,37,51
53,4,30
7,46,15
5,2,1
33,38,30
45,51,15
24,15,49
17,30,37
6,3,0
43,49,53
16,34,37
20,44,47
52,35,38
49,37,23
3,6,12
43,47,15
26,12,30
24,12,27
2,9,37
2,3,9
35,38,15
14,1,7
49,30,51
6,14,52
50,29,12
51,43,17
37,53,47
51,43,19
46,47,37
23,44,51
18,23,37
15,53,52
12,15,44
2,37,6
17,37,43
39,15,47
12,37,38
12,52,50
27,38,16
1,3,7
28,20,24
12,32,52
18,23,49
31,15,44
30,34,37
11,12,10
29,20,44
39,31,38
17,37,51
23,18,44
24,23,27
50,15,52
4,8,30
8,4,30
26,12,21
22,23,34
6,37,9
48,27,49
45,20,43
31,37,47
30,31,15
53,37,21
35,27,38
52,53,50
37,23,44
23,37,43
24,15,49
4,8,6
52,49,47
43,23,49
52,53,29
49,52,53
37,23,34
15,41,43
29,37,21
2,9,3
15,53,48
7,52,12
49,51,15
46,47,38
25,15,40
43,30,24
50,12,52
38,33,30
0,9,6
46,51,37
24,49,38
19,44,21
45,47,37
24,36,41
24,45,27
37,53,31
15,35,38
32,37,30
43,49,31
43,44,53
48,37,30
14,53,46
0,6,9
38,37,30
25,18,44
7,12,21
15,52,49
23,47,16
23,34,41
20,43,21
15,53,24
30,44,15
39,38,44
22,34,41
53,21,51
0,53,9
10,6,42
53,27,43
39,31,38
4,8,6
9,10,6
37,23,30
52,24,51
35,38,27
41,34,23
4,8,11
34,37,53
21,37,23
49,43,53
32,37,23
37,23,19
18,23,21
43,48,15
33,38,23
19,44,15
52,50,46
17,37,38
15,44,51
40,15,23
46,47,6
3,52,6
17,15,53
10,6,14
35,38,33
27,12,24
31,24,43
27,49,43
11,3,47
29,15,37
27,34,46
11,9,10
53,43,15
51,17,37
40,24,20
27,20,37
8,52,4
21,23,19
37,49,10
8,4,30
30,24,8
48,49,45
44,43,21
43,49,23
0,4,6
49,44,30
18,22,23
2,9,3
0,9,46
16,27,34
20,23,31
52,50,47
13,5,7
22,34,41
0,9,6
37,31,19
29,37,17
23,19,37
15,37,44
31,35,46
24,15,47
31,38,47
42,36,47
36,44,23
47,31,15
40,45,44
6,52,21
40,38,19
23,30,27
50,53,12
48,18,19
23,21,51
25,15,21
17,37,29
42,39,47
48,44,24
2,9,26
13,23,46
48,45,43
47,23,20
22,34,23
10,6,11
42,53,47
41,37,47
7,15,23
39,49,31
31,38,37
26,21,17
32,37,47
31,38,30
19,23,37
23,51,27
47,44,19
30,44,19
10,6,47
25,18,44
23,18,30
6,47,49
44,43,17
0,6,9
31,38,47
14,6,3
41,37,23
50,52,24
13,7,5
45,20,43
48,15,47
13,9,5
53,47,15
22,27,7
52,47,53
4,8,44
27,30,34
53,49,21
29,17,46
39,24,19
41,44,47
4,9,8
25,15,18
32,37,47
6,46,37
43,51,20
1,37,47
43,51,21
38,17,52
36,19,44
5,2,1
11,12,52
22,18,23
6,36,38
44,51,46
13,1,37
7,28,3
28,49,47
15,43,39
39,31,19
9,0,37
5,13,2
10,6,37
37,22,18
49,24,19
18,23,22
45,44,24
42,53,46
17,38,37
36,31,39
40,44,31
49,15,47
15,19,23
15,19,43
19,31,44
16,23,37
22,34,41
23,18,37
23,38,15
53,43,24
31,19,15
21,15,49
7,20,12
34,16,23
2,5,1
50,52,15
43,20,21
9,0,47
26,37,17
13,1,37
7,1,4
29,37,30
39,31,38
53,43,47
50,15,12
7,1,47
25,18,44
20,37,21
5,17,12
31,24,23
45,44,20
19,38,47
43,27,15
0,9,6
44,15,42
43,19,21
42,38,47
16,20,19
5,12,2
26,10,38
15,27,44
23,19,37
2,50,47
1,7,47
32,37,34
12,49,47
53,17,52
37,29,38
20,23,31
16,23,34
25,30,12
0,6,9
42,47,31
19,23,31
37,23,20
20,51,24
18,34,23
28,17,23
35,15,27
41,42,30
8,4,11
32,37,47
48,27,19
33,38,37
41,23,27
26,44,15
3,6,1
1,7,3
16,23,18
39,38,19
12,8,4
42,38,39
0,6,9
45,37,49
11,3,47
53,43,50
23,18,30
0,9,6
30,22,24
37,23,47
30,44,51
51,15,37
47,1,52
33,38,37
35,38,33
17,47,52
17,43,44
13,7,5
15,43,53
15,53,44
45,44,27
14,52,53
43,53,27
52,37,49
21,17,24
36,39,31
23,44,15
36,44,19
16,23,34
36,44,23
36,39,44
40,38,19
11,47,6
49,1,53
49,47,15
4,8,11
53,15,52
53,47,52
22,23,37
27,23,38
53,15,21
18,37,23
47,49,19
14,6,0
18,23,47
0,6,9
20,53,47
19,15,21
12,31,52
42,47,49
6,47,52
14,3,53
31,49,38
24,48,30
46,47,15
11,5,12
42,47,53
37,47,41
47,37,23
38,49,43
27,30,43
34,32,23
26,44,17
32,37,30
47,23,19
28,17,47
8,36,49
52,53,43
21,46,53
13,5,7
26,21,15
53,52,49
36,44,31
40,38,15
23,38,37
8,4,6
52,15,47
1,3,6
37,30,51
1,9,4
49,52,37
1,13,23
4,8,30
8,4,11
27,44,30
12,34,47
41,32,34
9,6,1
5,12,13
39,42,38
7,52,49
27,37,20
2,3,6
42,19,38
23,19,38
19,23,24
35,38,33
7,3,52
38,47,28
0,9,2
41,34,21
31,38,37
24,43,30
34,23,30
44,23,43
22,23,37
11,4,6
53,15,21
29,17,44
45,44,20
13,7,37
28,23,19
13,5,2
25,18,15
53,43,30
11,9,47
40,44,38
23,34,18
51,43,44
14,52,29
10,6,14
11,47,10
19,23,24
24,23,43
49,36,15
34,41,22
22,23,20
48,47,49
53,50,52
4,8,6
43,45,44
22,37,34
2,6,9
49,41,24
11,3,12
47,53,37
53,37,15
49,24,43
6,4,24
38,35,47
33,38,49
9,6,0
2,3,9
51,43,53
34,17,27
48,24,17
53,52,49
3,6,52
13,5,2
42,38,31
17,8,52
23,18,49
41,21,44
29,17,41
34,22,41
20,30,37
16,23,34
6,3,9
48,51,27
7,27,22
32,34,37
50,12,52
35,38,15
52,50,24
53,15,19
32,47,37
52,51,5
15,40,19
42,47,49
48,43,15
35,27,38
43,31,45
27,37,30
15,53,17
15,43,53
27,23,30
12,52,53
53,41,30
39,47,44
37,2,47
0,9,6
2,3,6
8,4,6
2,9,37
40,15,51
13,7,1
6,3,2
18,23,37
13,1,21
34,23,46
33,38,23
17,15,49
7,18,52
11,23,10
53,43,51
52,28,13
1,7,13
27,23,15
45,20,43
5,12,37
4,11,8
50,15,52
14,53,42
7,15,23
13,7,37
10,6,31
22,19,23
9,0,46
19,23,47
15,24,53
10,6,9
42,47,36
23,18,37
20,44,21
16,23,18
21,23,37
23,27,18
50,37,29
1,13,53
39,31,38
42,30,23
51,45,43
53,44,37
52,43,47
6,52,50
30,34,27
45,48,27
35,23,30
10,6,44
27,34,47
27,38,31
37,17,21
5,12,37
32,23,34
48,52,6
4,30,7
1,13,53
26,37,44
26,23,28
33,27,39
16,34,23
39,17,24
40,20,44
27,39,49
4,8,11
21,28,44
39,31,47
31,37,19
26,24,41
19,23,24
37,23,33
36,19,44
7,1,47
48,42,53
7,46,53
11,6,10
16,23,34
49,46,27
50,17,52
22,23,18
35,38,47
25,40,15
38,34,23
51,43,15
47,30,43
31,38,49
24,27,41
30,33,38
25,15,44
42,47,49
11,6,47
23,21,15
50,15,52
12,52,31
37,18,6
4,7,30
30,24,49
19,44,23
16,38,20
6,2,9
26,44,17
37,31,38
45,31,44
15,52,24
23,37,27
48,49,23
52,50,53
23,37,19
33,38,47
30,44,51
18,23,37
9,6,0
11,6,10
53,49,15
44,53,24
31,47,15
38,31,42
0,46,4
2,3,9
52,47,12
19,30,23
49,24,15
50,52,47
16,23,18
2,3,6
29,20,21
17,21,15
51,19,15
36,45,31
22,23,7
28,37,19
24,37,15
33,38,37
36,49,31
38,19,23
0,6,9
41,30,29
14,52,17
13,7,5
0,6,46
12,52,47
24,37,27
49,19,47
14,3,21
18,23,27
16,18,23
19,38,31
4,24,44
53,37,31
1,7,29
20,21,23
32,37,34
31,21,23
51,43,45
5,37,52
2,26,5
53,49,47
43,20,49
46,53,49
1,7,13
50,29,12
41,34,23
18,22,27
33,15,17
45,37,44
48,24,27
48,44,40
11,3,47
37,49,31
2,3,5
37,23,27
37,27,32
19,44,23
16,23,34
23,15,19
0,9,6
21,12,37
49,47,37
43,20,30
53,43,47
32,23,30
1,7,13
37,20,21
31,49,37
37,47,34
38,37,49
0,6,46
5,2,26
25,44,18
39,31,38
31,38,53
48,30,47
15,19,38
7,1,13
20,37,19
29,53,31
52,14,15
53,15,51
24,23,37
28,23,19
37,38,47
30,19,44
48,15,46
6,50,52
18,23,49
10,6,11
29,52,53
39,31,44
4,8,52
49,12,30
12,29,37
53,21,50
23,18,47
33,38,40
17,24,15
53,37,52
15,17,38
37,47,32
46,27,30
41,47,43
53,23,21
26,21,44
44,38,47
43,49,48
6,3,14
9,26,1
32,47,37
2,6,5
43,48,44
47,19,44
25,18,23
43,51,29
45,44,21
10,6,9
3,6,52
9,2,37
19,44,24
38,29,44
53,15,42
38,17,49
27,38,47
51,15,27
17,37,30
32,37,34
53,20,15
6,3,52
50,44,29
21,24,53
6,46,1
28,15,53
25,44,21
33,38,47
31,24,43
16,34,23
52,44,43
7,1,4
53,52,47
52,53,49
8,4,52
31,23,37
26,21,29
44,38,19
46,53,49
22,23,18
23,15,37
4,8,44
39,19,34
8,4,16
49,27,37
34,16,32
13,7,47
8,4,50
44,25,23
30,43,45
23,44,21
7,1,47
0,6,9
2,3,9
36,53,27
23,18,34
0,6,9
48,47,15
45,51,24
43,53,17
29,15,44
37,19,27
27,38,35
30,17,21
35,27,24
48,49,6
15,27,6
1,13,37
23,31,33
0,6,9
14,47,52
39,42,38
16,34,23
48,24,44
39,49,31
16,34,23
16,34,37
20,44,40
48,45,46
37,47,27
53,47,21
43,20,53
9,0,49
23,18,34
16,23,34
52,50,7
37,20,23
23,49,20
33,38,19
18,22,23
21,12,53
19,30,31
18,44,30
43,52,15
44,30,20
27,19,44
6,47,9
11,3,47
13,44,7
26,21,29
2,9,26
35,38,27
31,38,47
53,15,47
46,47,12
15,44,21
31,38,49
18,34,23
39,42,49
10,6,14
7,28,3
52,50,49
9,0,6
47,53,6
41,53,37
53,52,21
49,43,27
15,28,46
8,4,30
34,23,37
46,52,49
42,36,47
52,17,51
44,23,20
26,10,38
53,12,37
37,23,24
39,41,31
29,33,31
9,53,47
21,23,43
37,47,15
20,30,53
33,20,30
5,30,21
38,31,37
45,53,15
33,38,49
52,47,15
20,29,15
23,18,27
14,37,46
45,51,43
45,43,49
12,47,37
3,2,9
12,37,17
48,45,15
43,44,30
27,23,15
4,8,11
11,6,10
2,9,3
18,27,23
7,1,47
5,2,12
13,28,37
26,37,21
15,43,21
50,15,52
12,50,37
6,3,1
29,51,43
33,38,47
0,9,8
53,49,21
22,42,23
10,6,1
23,15,44
4,8,11
50,12,52
52,36,43
34,41,42
28,52,17
45,44,20
28,5,29
39,38,47
37,29,21
23,30,20
36,24,49
5,13,17
39,38,47
40,15,44
38,47,23
15,45,51
53,31,38
30,23,19
32,34,30
21,23,27
1,7,3
7,28,3
29,37,12
37,21,23
23,20,19
51,43,27
49,23,51
39,31,49
32,34,37
7,30,20
46,47,38
1,7,52
53,52,37
13,1,7
47,37,46
33,19,38
32,42,47
48,53,27
20,39,47
12,32,52
43,51,53
46,44,21
15,45,44
49,29,19
14,21,3
13,44,29
50,12,52
1,14,8
53,15,47
42,39,38
38,33,18
36,44,53
23,44,15
2,3,9
53,43,51
34,22,41
51,44,23
39,34,44
51,15,20
5,12,37
13,7,44
53,15,17
52,13,37
21,37,12
23,21,47
36,47,52
22,23,18
46,48,15
8,4,30
41,43,21
48,15,27
9,0,6
39,38,49
10,2,6
3,47,1
53,15,28
30,19,27
7,28,13
14,46,47
9,2,6
24,53,28
44,30,47
36,31,52
0,9,6
32,42,47
28,17,15
26,21,29
30,37,20
31,38,47
16,37,23
47,15,16
38,31,53
53,46,28
11,12,47
9,6,47
21,24,49
19,45,44
37,31,38
19,24,27
36,43,51
22,34,23
31,27,43
34,30,44
9,0,12
40,44,43
51,43,48
0,6,46
40,38,20
50,53,31
36,23,42
41,24,27
53,12,49
42,47,15
36,44,19
31,53,38
50,15,52
7,23,15
47,29,52
32,37,47
42,47,39
22,23,19
19,27,20
6,38,17
34,41,22
36,52,17
52,17,30
22,23,18
45,48,43
18,49,23
38,23,47
8,4,9
38,33,47
0,46,6
7,21,44
24,6,17
35,38,47
52,49,14
40,20,53
1,3,51
5,13,26
22,23,20
31,28,23
32,38,46
6,52,21
24,23,38
49,12,47
12,50,37
34,16,23
53,30,8
41,17,37
47,20,31
8,4,47
47,15,24
12,52,53
3,2,52
20,46,49
47,37,8
15,49,21
45,37,44
7,13,1
0,9,6
7,52,15
3,2,47
0,9,6
5,26,13
44,27,33
10,6,2
26,44,21
31,50,28
19,20,47
25,18,15
14,52,19
35,38,33
37,21,47
21,53,15
30,53,32
24,44,53
15,19,23
0,9,6
52,24,15
46,52,50
3,6,46
33,38,31
10,6,2
10,6,2
13,7,44
42,48,38
51,44,19
35,38,33
45,20,44
8,4,27
18,23,16
52,53,12
52,49,15
2,5,3
53,47,50
41,29,37
24,15,19
50,6,24
37,23,19
4,8,11
30,44,37
36,47,53
47,53,37
16,34,30
37,23,47
47,27,52
8,4,30
43,51,44
22,23,18
48,44,24
48,49,53
26,37,29
49,48,1
16,37,34
2,3,9
34,27,37
23,15,44
8,4,6
13,7,44
16,23,18
4,8,37
21,53,49
45,15,40
39,31,47
2,37,6
0,9,6
6,12,49
40,38,24
21,37,44
23,44,41
22,18,23
6,52,21
8,4,11
32,47,34
44,15,37
30,53,19
23,30,27
7,1,47
22,18,23
0,9,6
15,19,21
20,23,30
23,37,21
21,37,47
45,15,43
23,18,28
23,37,47
33,49,44
53,47,37
35,39,38
4,11,12
15,21,17
23,18,34
37,27,30
21,38,19
43,49,19
23,19,37
19,30,37
46,23,20
52,17,21
27,19,15
27,53,48
0,9,6
29,12,47
43,20,31
23,34,37
22,23,18
39,42,31
3,6,46
37,23,16
16,23,18
26,29,30
12,52,37
29,17,50
6,38,36
53,21,47
29,17,21
45,24,20
43,51,48
5,26,12
14,6,52
44,27,23
39,31,38
39,31,44
0,6,2
16,23,18
31,38,47
36,39,44
4,8,10
0,9,6
27,19,31
20,19,23
0,9,27
24,29,52
50,12,24
2,3,26
50,12,37
34,37,20
28,44,15
14,3,37
15,43,44
41,34,22
48,24,27
34,42,47
7,22,37
53,13,7
24,21,23
50,12,52
26,44,21
44,26,12
36,47,19
53,43,49
41,53,20
0,6,9
7,15,23
37,13,15
27,24,17
41,34,23
34,16,37
9,10,53
46,15,19
11,6,47
16,34,23
24,15,27
30,19,12
6,9,47
21,37,12
6,14,3
6,37,44
35,38,33
51,43,15
37,19,24
28,15,17
22,23,21
3,7,6
35,38,33
43,51,27
52,51,14
33,38,43
5,12,2
6,52,15
32,37,30
2,26,5
33,38,47
1,13,47
17,37,29
50,29,12
53,47,21
33,31,38
8,4,30
41,7,17
11,10,47
43,15,45
37,23,27
29,19,44
29,30,43
38,23,40
37,51,47
38,35,31
40,24,44
19,31,53
16,23,34
33,38,23
1,5,13
10,6,40
40,38,21
16,34,23
53,15,20
46,6,37
1,13,53
37,17,52
50,52,12
6,3,37
53,27,43
30,42,44
12,47,53
27,19,38
33,2,11
2,3,37
7,1,15
37,52,6
53,51,37
33,38,47
23,37,30
35,38,33
1,13,47
47,53,49
32,37,47
43,46,48
26,29,49
5,12,37
30,37,26
50,12,52
3,6,7
38,47,31
37,17,52
47,51,43
47,42,39
16,37,34
14,1,53
18,30,23
39,31,38
2,3,9
45,48,15
7,5,26
52,6,30
1,6,3
18,49,23
16,23,18
43,37,27
15,46,53
20,40,49
24,27,42
15,47,37
44,24,23
13,2,5
37,27,38
26,30,37
32,37,30
46,53,52
16,23,18
29,15,33
1,7,5
51,43,15
6,37,2
20,43,23
10,6,12
10,6,36
37,28,19
19,23,21
46,47,44
8,30,24
26,17,29
43,47,44
35,38,33
11,4,10
11,6,10
24,48,49
13,7,26
42,47,12
43,53,51
8,6,4
8,4,30
12,52,37
30,31,12
21,19,24
45,51,43
39,49,47
11,3,47
4,8,11
16,34,37
45,44,20
34,47,37
5,12,1
49,17,31
33,38,31
44,20,31
22,23,18
6,3,52
22,34,23
22,23,37
47,38,44
23,19,15
25,18,44
36,44,31
53,15,21
44,38,47
53,47,52
48,27,24
30,38,39
43,53,44
39,42,47
18,34,23
36,44,23
53,21,37
14,3,46
52,47,17
53,49,24
12,50,24
44,49,23
43,37,15
36,19,23
9,2,3
22,23,34
52,47,53
15,43,44
10,6,11
17,47,37
2,3,26
20,37,27
6,2,9
22,23,34
35,38,39
53,12,47
12,15,37
36,6,50
0,9,6
10,6,47
10,6,9
12,49,53
46,23,47
38,33,31
37,16,29
49,23,18
31,38,37
7,15,23
43,51,20
34,37,23
37,51,44
50,15,52
4,8,11
15,45,43
48,6,49
34,23,18
26,44,12
53,47,15
15,25,45
10,6,11
23,21,47
14,47,52
26,12,21
0,9,6
38,23,49
42,20,47
1,14,53
19,43,37
26,29,21
42,39,38
6,10,52
11,10,3
53,15,42
52,23,47
23,16,22
44,21,15
26,12,23
24,49,27
53,47,41
6,17,32
27,23,19
0,9,6
7,1,47
51,37,47
22,18,23
43,15,20
6,3,0
21,17,37
24,44,27
8,30,53
28,12,49
4,8,6
53,37,47
42,47,49
23,16,18
41,27,15
30,29,37
0,6,9
52,50,6
30,49,31
38,27,18
15,21,19
36,2,4
22,23,37
41,34,23
34,37,16
43,47,20
49,17,14
19,21,53
23,18,34
42,47,31
43,29,30
34,37,53
5,1,29
45,52,17
2,9,26
50,45,43
3,6,46
44,47,19
0,6,9
39,42,19
22,34,47
12,44,23
12,47,49
15,51,20
53,15,47
31,38,47
52,47,13
41,44,38
10,6,2
31,40,38
15,39,42
29,53,44
25,15,18
48,45,49
53,43,44
25,44,21
50,47,9
33,38,47
33,38,37
2,9,1
21,20,27
39,38,31
37,24,20
11,3,23
18,23,29
49,47,31
32,30,23
12,50,15
18,23,47
44,15,43
42,47,31
22,34,23
23,34,18
43,15,37
32,16,34
43,53,31
39,49,38
34,16,23
33,38,31
26,44,21
30,26,39
20,37,31
53,37,30
6,9,2
7,22,47
51,23,15
15,31,21
49,17,47
3,2,6
12,37,15
34,47,32
51,43,48
43,53,49
3,2,1
5,37,12
1,37,6
38,35,42
29,21,53
23,18,34
33,38,37
21,15,53
17,21,7
11,6,47
53,43,15
15,46,44
26,17,37
24,20,44
18,23,16
43,37,44
8,52,4
1,7,8
31,24,21
26,29,21
9,37,47
3,52,14
3,6,52
53,47,38
14,52,42
43,19,44
23,37,21
24,19,49
2,6,5
19,23,46
15,28,7
20,47,24
12,5,2
43,44,24
46,17,53
50,15,52
51,37,17
37,17,29
14,47,3
44,20,24
11,47,53
51,48,27
11,3,47
28,19,37
24,19,49
7,1,47
34,16,37
27,44,23
21,47,30
43,51,37
53,43,20
48,27,24
10,26,6
15,53,49
28,21,37
11,12,3
20,30,44
25,40,23
31,47,53
48,49,6
36,19,44
11,3,47
25,48,18
24,47,19
52,30,37
5,26,12
45,15,44
29,30,44
2,3,14
20,19,40
43,12,37
1,47,7
17,43,15
44,15,51
22,23,19
40,15,44
22,23,34
21,47,44
42,49,19
0,6,46
11,3,47
37,34,38
39,31,44
37,17,1
23,18,46
43,44,17
2,9,26
5,12,17
37,47,21
6,52,29
18,23,22
37,41,47
41,44,30
11,6,47
2,5,6
0,9,6
2,3,26
43,53,37
39,31,44
14,1,52
38,7,29
53,37,31
37,52,47
10,6,37
19,37,38
29,17,50
17,21,20
26,37,12
39,31,38
1,17,47
20,49,34
43,24,44
11,47,6
8,4,11
21,18,31
40,44,45
13,44,1
1,47,17
19,23,38
4,11,3
20,47,37
27,38,37
31,19,30
2,9,3
24,44,27
48,49,44
42,47,49
43,30,24
35,38,33
47,19,23
37,52,41
34,16,23
45,51,24
38,23,31
31,50,52
53,37,49
6,38,23
30,15,20
32,47,37
36,6,39
41,30,27
27,47,12
10,6,11
37,23,27
23,44,19
4,8,7
47,38,49
33,53,27
23,33,22
12,31,38
7,28,47
37,23,21
45,40,44
24,27,30
37,38,49
31,30,19
29,37,27
48,28,27
36,19,21
19,24,15
40,31,24
50,12,52
28,52,17
26,30,21
42,47,36
32,37,47
2,3,47
22,34,23
15,44,31
12,38,52
39,47,31
38,33,47
42,47,39
10,6,11
52,12,6
33,31,44
29,50,37
29,37,50
44,20,19
6,24,44
43,15,49
28,17,21
32,47,37
44,23,31
24,37,43
39,31,27
3,2,26
42,34,30
23,18,19
7,3,28
15,46,53
21,53,37
42,31,20
17,12,21
47,23,27
24,47,49
5,12,37
27,38,37
37,23,27
10,6,2
35,38,27
14,52,46
19,47,38
44,45,43
0,9,6
0,3,46
53,27,36
40,43,24
44,12,19
52,49,53
15,43,24
14,3,52
18,23,16
17,38,53
52,47,37
3,47,1
8,4,12
27,37,23
23,24,43
26,10,38
10,6,11
46,37,53
53,37,21
53,49,44
5,12,2
43,27,21
7,15,4
49,37,29
38,47,31
52,38,10
37,26,30
14,4,6
15,31,53
50,15,52
7,20,23
49,46,47
30,34,23
34,23,49
7,1,52
36,23,19
28,51,17
49,8,17
31,38,37
19,31,26
47,44,52
40,31,44
53,49,52
5,13,29
24,38,31
53,49,47
40,20,48
12,37,17
47,43,20
4,8,6
42,39,47
12,31,15
41,30,23
53,21,47
22,53,15
48,31,27
6,0,49
52,17,47
53,8,31
10,6,47
45,40,43
18,34,23
28,52,17
4,11,8
38,36,39
23,49,19
50,15,52
53,49,27
8,52,47
48,6,49
9,0,6
17,49,47
13,5,26
48,49,45
10,6,11
15,23,31
47,15,49
30,44,43
8,4,52
3,1,6
0,9,6
23,37,20
8,43,52
1,7,52
6,3,0
6,9,1
19,44,49
43,24,20
47,1,52
51,43,48
9,0,6
11,5,3
44,43,37
4,8,6
35,53,15
16,23,34
23,37,34
36,19,39
29,17,31
43,27,37
50,47,52
15,44,53
34,30,18
40,24,20
0,9,6
6,52,38
30,49,44
14,0,30
25,15,18
39,31,38
35,38,27
8,4,7
51,43,15
42,41,20
12,32,52
12,52,50
38,23,50
20,53,44
7,15,23
52,46,21
50,12,52
15,30,37
44,37,30
10,6,2
34,43,32
26,17,44
52,15,53
